# callgrind format
version: 1
creator: callgrind-3.13.0
pid: 8887
cmd:  ./gradiente
part: 1


desc: I1 cache: 
desc: D1 cache: 
desc: LL cache: 

desc: Timerange: Basic block 0 - 125204270
desc: Trigger: Program termination

positions: line
events: Ir
summary: 2379188753


ob=(1) /lib/x86_64-linux-gnu/ld-2.27.so
fl=(6) /build/glibc-OTsEL5/glibc-2.27/elf/dl-lookup.c
fn=(10) _dl_setup_hash
939 12
+4 4
+4 8
+2 4
-1 4
+3 12
+1 4
+1 4
+3 4
-3 4
+7 4
-4 4
-1 4
+3 4
+2 4
-7 4
+7 4
+1 4

fn=(188) _dl_lookup_symbol_x
790 1130
555 113
790 452
555 339
-1 226
+2 113
-1 113
+1 339
-1 339
+1 1325
-1 1325
+1 3975
-1 4088
793 113
-1 113
+4 113
+4 113
-8 113
+1 113
+7 434
+5 339
+6 339
-7 1243
+15 32
-8 48
+2 1469
cfn=(190) do_lookup_x
calls=113 338 
* 46510
+3 549
+25 226
+24 735
+31 105
+9 420
+14 315
+3 420
+5 105
+2 1033
-86 48
+17 8
+1 16
+59 2

fn=(190)
338 791
+1 113
-1 678
+6 226
+12 113
+30 113
-41 113
+41 113
+35 226
-65 565
+14 1044
+8 696
+1 1044
+3 348
+1 696
+4 696
+3 696
-5 348
+5 1044
+3 2436
-99 243
540 1740
+1 198
cfi=(36) /build/glibc-OTsEL5/glibc-2.27/elf/dl-misc.c
cfn=(116) _dl_name_match_p
calls=66 282 
* 7446
* 264
+3 735
349 700
+3 700
+4 712
+4 696
+4 696
fi=(55) /build/glibc-OTsEL5/glibc-2.27/elf/../sysdeps/generic/ldsodefs.h
102 315
fe=(6)
503 210
+3 788
-60 10
+64 39
+12 630
+2 105
+24 904
-1 16
397 330
-1 220
+2 220
+2 110
90 330
375 110
90 110
374 110
90 110
400 220
90 220
413 363
-10 1130
+2 420
+2 210
-1 315
78 735
+12 525
+3 420
cfi=(21) /build/glibc-OTsEL5/glibc-2.27/string/../sysdeps/x86_64/strcmp.S
cfn=(56) strcmp
calls=42 +51 
* 1874
* 126
+5 105
-1 105
+1 105
+2 208
+19 104
+1 936
452 1050
148 2
+2 5
+30 35
-59 520
cfi=(21)
cfn=(56)
calls=104 +23 
* 5361
* 520

fl=(1) ???
fn=(0) 0x0000000000001090
0 2
cfi=(2) /build/glibc-OTsEL5/glibc-2.27/elf/rtld.c
cfn=(2) _dl_start
calls=1 444 
0 142115
0 14
cfi=(78) /build/glibc-OTsEL5/glibc-2.27/elf/dl-init.c
cfn=(290) _dl_init
calls=1 79 
0 2173
0 3
cob=(5) /home/eliane/GradienteConjugado/gradiente
cfi=(88) ???
cfn=(326) _start
calls=1 0 
0 2379044446

fl=(23) /build/glibc-OTsEL5/glibc-2.27/posix/../sysdeps/unix/syscall-template.S
fn=(64) uname
78 4
+1 1

fl=(34) /build/glibc-OTsEL5/glibc-2.27/elf/dl-error-skeleton.c
fn=(166) _dl_receive_error
226 3
+1 1
+1 1
+3 1
+1 1
+2 2
cfi=(2)
cfn=(168) version_check_doit
calls=1 621 
* 2781
+2 1
+1 1
+1 4

fn=(108) _dl_catch_exception
175 6
+15 3
-3 6
+4 3
-3 3
-13 3
+19 3
-3 3
+3 3
-19 3
+13 3
+2 3
+4 3
cfi=(35) /build/glibc-OTsEL5/glibc-2.27/setjmp/../sysdeps/x86_64/setjmp.S
cfn=(110) __sigsetjmp
calls=3 26 
* 60
* 9
+2 9
cfi=(48) /build/glibc-OTsEL5/glibc-2.27/elf/dl-deps.c
cfn=(148) openaux
calls=2 60 
* 5840
cfi=(2)
cfn=(112) map_doit
calls=1 588 
* 2127
+2 3
-1 3
+1 6
-1 3
+1 3
+9 12

fn=(104) _dl_catch_error
213 6
+2 2
-2 1
+2 2
cfn=(108)
calls=1 -40 
* 2178
* 1
+1 2
+1 1
+1 1
-1 1
+1 1
+2 5

fl=(101) /build/glibc-OTsEL5/glibc-2.27/elf/dl-open.c
fn=(380) _dl_find_dso_for_object
176 5
+4 6
+1 4
+1 12
+1 2
-2 6
+5 2
+4 7

fl=(50) /build/glibc-OTsEL5/glibc-2.27/elf/dl-cache.c
fn=(154) _dl_load_cache_lookup
187 9
+8 2
+3 3
+45 1
+6 2
+11 1
-2 1
fi=(51) /build/glibc-OTsEL5/glibc-2.27/elf/../sysdeps/x86/dl-procinfo.h
39 1
fe=(50)
258 2
fi=(51)
39 3
+3 3
cfi=(21)
cfn=(56)
calls=1 144 
* 24
* 2
fe=(50)
264 4
cfi=(9) /build/glibc-OTsEL5/glibc-2.27/elf/dl-tunables.c
cfn=(26) __tunable_get_val
calls=1 373 
* 18
* 1
fi=(26) /build/glibc-OTsEL5/glibc-2.27/elf/../sysdeps/unix/sysv/linux/not-errno.h
28 2
fe=(50)
264 1
fi=(26)
28 2
fe=(50)
266 2
fi=(26)
32 3
fe=(50)
270 2
+15 1
-15 1
+15 153
cfn=(160) _dl_cache_libcmp
calls=10 141 
* 727
* 67
cfn=(160)
calls=1 141 
* 71
* 7
-84 4
cfi=(36)
cfn=(156) _dl_sysdep_read_whole_file
calls=1 44 
* 107
+8 1
-8 1
+8 4
+1 7
+7 1
-3 1
+3 3
+3 1
+1 2
-1 1
+1 1
+1 8
+63 3
+16 2
+4 2
+8 3
cfi=(13) /build/glibc-OTsEL5/glibc-2.27/string/../sysdeps/x86_64/multiarch/../strlen.S
cfn=(28) strlen
calls=1 79 
* 34
* 2
+1 1
-1 4
+1 2
cfi=(20) /build/glibc-OTsEL5/glibc-2.27/string/../sysdeps/x86_64/multiarch/memmove-vec-unaligned-erms.S
cfn=(48) memcpy
calls=1 129 
* 10
+1 2
cfi=(30) /build/glibc-OTsEL5/glibc-2.27/string/strdup.c
cfn=(86) strdup
calls=1 40 
* 80
+1 8
-19 2
-27 4
+1 3
-1 7
+15 16
fi=(51)
42 3
fe=(50)
297 3

fn=(160)
141 22
+1 24
+2 220
+20 108
+2 196
+4 44
+1 44
-29 88
+32 3
-28 2
+6 1
+2 1
-1 1
-1 2
+1 1
-1 1
+2 3
+2 3
-3 1
+3 1
+2 2
+9 30

fn=(284) _dl_unload_cache
326 4
-1 1
+3 2
cfi=(44) /build/glibc-OTsEL5/glibc-2.27/misc/../sysdeps/unix/syscall-template.S
cfn=(286) munmap
calls=1 78 
* 5
+1 1
+2 2

fl=(13)
fn=(28)
79 14
+1 14
+1 14
+1 14
+1 14
+1 14
+1 14
+2 14
+2 14
+31 14
+1 14
+1 14
+1 14
+1 14
+1 8
+2 8
+4 6
+1 6
+1 6
+1 6
+1 6
+1 6
+1 6
+1 6
+1 6
+1 6
+1 6
+1 6
+5 48

fl=(14) /build/glibc-OTsEL5/glibc-2.27/elf/../misc/sbrk.c
fn=(30) sbrk
32 4
+8 6
+4 2
+16 5

fl=(9)
fn=(16) __GI___tunables_init
289 8
-9 3
150 4
-82 200
+6 65
-3 65
+3 6226
+4 130
+5 65
297 65
83 65
297 65
fi=(10) /build/glibc-OTsEL5/glibc-2.27/elf/dl-tunables.h
121 130
-1 60
+1 24
-1 8
+1 32
-1 40
fe=(9)
330 260
-12 7150
fi=(10)
120 2340
+1 2468
-1 168
fe=(9)
312 5785
68 130
364 8

fn=(26)
373 102
+4 17
-4 66
+9 3
+1 3
-6 14
+22 85
+2 17

fl=(41) /build/glibc-OTsEL5/glibc-2.27/io/../sysdeps/unix/sysv/linux/wordsize-64/fxstat.c
fn=(130) _fxstat
34 3
-1 3
+1 3
+1 18
+4 3

fl=(17) /build/glibc-OTsEL5/glibc-2.27/elf/dl-object.c
fn=(50) _dl_add_to_namespace_list
31 6
+2 3
-2 9
+2 6
cfi=(2)
cfn=(52) rtld_lock_default_lock_recursive
calls=3 784 
* 6
+2 22
+3 15
+2 2
+2 2
+4 2
+4 2
-4 4
+1 2
+4 4
-4 2
+1 2
+3 2
-3 2
+2 2
cfi=(2)
cfn=(54) rtld_lock_default_unlock_recursive
calls=2 790 
* 4
-4 1
+4 1
-4 2
+1 1
+4 2
-4 1
+1 1
+3 1
-3 1
+2 1
cfi=(2)
cfn=(54)
calls=1 790 
* 2
-5 2

fn=(38) _dl_new_object
59 36
+1 3
-1 3
+1 6
cfi=(13)
cfn=(28)
calls=3 +19 
* 66
+6 3
-6 6
+6 3
+7 3
-7 3
-6 3
+6 9
+2 6
+5 9
cfi=(19) /build/glibc-OTsEL5/glibc-2.27/elf/dl-minimal.c
cfn=(42) calloc
calls=3 +19 
* 147
* 3
+3 3
-3 3
+3 3
+4 3
+5 3
-6 3
+6 3
-5 3
+5 3
-5 3
+4 3
+1 6
-1 3
+1 3
cfi=(20)
cfn=(48)
calls=3 +44 
* 41
+10 3
-10 3
+10 3
-10 3
+10 3
-8 3
+8 6
+1 3
-1 3
+1 9
+3 3
-3 3
+3 3
+9 3
-7 3
+4 3
+3 8
+2 2
-2 2
+2 30
-2 30
+18 6
-6 3
+1 3
+5 3
-6 3
+6 9
+2 2
+3 2
-3 4
+3 2
+4 6
+4 5
+8 1
+3 1
+3 2
-3 1
+3 1
-3 2
+3 4
-3 2
+3 2
+2 2
+21 2
-21 2
cfi=(13)
cfn=(28)
calls=2 -76 
* 68
+4 2
-4 4
+17 2
-13 6
+64 2
+4 27
100 8
+39 6
+70 6
cfi=(20)
cfn=(74) mempcpy
calls=2 -93 
* 32
* 42
+6 40
-1 40
+1 42
-1 2
+1 6
+5 4
-96 1
+7 4
+32 4
cfi=(19)
cfn=(46) malloc
calls=2 50 
* 36
* 2
+1 2
-1 4
+1 2

fl=(31) /build/glibc-OTsEL5/glibc-2.27/elf/dl-debug.c
fn=(92) _dl_debug_initialize
49 8
+5 6
+5 2
-1 1
+1 2
+1 2
-1 1
+5 1
-14 4
+4 8
+4 1
-1 1
+1 4

fn=(96) _dl_debug_state
74 2

fl=(2)
fn=(112)
588 1
+2 1
-2 1
+3 2
-1 3
+1 3
cfi=(24) /build/glibc-OTsEL5/glibc-2.27/elf/dl-load.c
cfn=(114) _dl_map_object
calls=1 2080 
* 2113
* 1
+2 2

fn=(2)
444 9
+19 4
fi=(3) /build/glibc-OTsEL5/glibc-2.27/elf/get-dynamic-info.h
48 1
fe=(2)
463 1
fi=(5) /build/glibc-OTsEL5/glibc-2.27/elf/../sysdeps/x86_64/dl-machine.h
59 3
fi=(3)
-11 1
fe=(2)
489 1
-3 1
fi=(3)
48 1
+25 2
-3 1
-7 1
+5 1
+3 1
+2 1
-6 1
+3 1
-3 2
-3 16
+10 4
-26 12
+16 13
+10 13
-26 39
+26 1
-26 3
+2 36
+13 20
+2 4
+16 2
+20 4
+1 4
+1 4
+1 4
+2 4
+5 4
+1 4
+1 4
+6 3
+5 2
+7 3
+1 3
+8 3
+3 3
+4 2
+1 2
fe=(2)
500 2
393 1
507 1
393 1
cfi=(6)
cfn=(10)
calls=1 939 
* 23
+1 2
+1 2
+1 2
+1 2
+8 1
+9 1
-9 3
+9 1
-6 1
-3 1
+9 1
cfi=(7) /build/glibc-OTsEL5/glibc-2.27/elf/../elf/dl-sysdep.c
cfn=(12) _dl_sysdep_start
calls=1 88 
* 141083
* 1
+9 4
+3 1
+4 1
-4 1
+4 1
532 9
-27 27
fi=(4) /build/glibc-OTsEL5/glibc-2.27/elf/do-rel.h
84 1
+27 1
-28 1
+28 2
+1 2
fi=(5)
540 2
fi=(4)
112 76
fi=(5)
540 76
+1 39
fi=(4)
111 39
fi=(5)
541 39
fi=(4)
111 39
fi=(5)
541 39
fi=(4)
111 39
+5 2
+8 1
fi=(5)
335 1
+87 1
fi=(4)
124 2
+12 1
+3 1
-3 1
+3 1
-3 1
fi=(5)
301 1
fi=(4)
137 1
fi=(5)
301 1
fi=(4)
137 1
fi=(5)
301 1
fi=(4)
136 8
+3 8
-3 8
+3 8
-3 8
fi=(5)
301 8
fi=(4)
137 8
fi=(5)
301 8
fi=(4)
137 8
fi=(5)
301 8
+9 27
+3 9
-3 18
+3 27
+22 54
fi=(3)
68 4
fi=(4)
+56 28
fi=(5)
354 27
fi=(3)
71 4
+1 1
+1 2
fe=(2)

fn=(32) dl_main
870 1
+17 1
-17 10
+17 1
+4 1
-21 1
2471 1
891 1
+1 1
2466 1
892 1
+5 1
2471 1
897 1
2464 2
+7 3
-4 1
+4 3
+2 2
cfi=(15) /build/glibc-OTsEL5/glibc-2.27/elf/dl-environ.c
cfn=(34) _dl_next_ld_env_entry
calls=1 29 
* 84
* 4
cfi=(15)
cfn=(34)
calls=2 29 
* 340
* 9
+4 6
-2 2
+2 42
+1 19
-1 57
+3 4
+6 14
+76 3
+1 4
cfi=(16) /build/glibc-OTsEL5/glibc-2.27/string/../sysdeps/x86_64/memcmp.S
cfn=(36) bcmp
calls=1 24 
* 31
* 2
-56 2
+7 4
cfi=(16)
cfn=(36)
calls=1 24 
* 36
* 2
+2 3
2635 3
+32 3
907 3
1108 7
cfi=(17)
cfn=(38)
calls=1 59 
* 230
+2 1
-2 1
+2 1
+1 1
+1 1
+5 2
-5 1
+1 2
+4 1
cfi=(17)
cfn=(50)
calls=1 31 
* 33
+1 2
879 1
1147 1
-3 1
-5 1
+1 1
+2 1
+5 5
+56 2
876 1
1166 1
+22 1
+15 2
-55 24
-1 27
+1 47
1250 3
+3 2
+2 2
+2 3
+13 3
+3 2
-2 1
+2 1
-2 3
cfi=(21)
cfn=(56)
calls=1 144 
* 50
* 2
+7 1
+3 1
-5 1
+3 1
-3 1
+5 1
+1 2
+4 2
+2 2
fi=(3)
33 1
+9 2
+6 1
-2 1
+2 2
+15 1
+5 1
+3 1
+2 1
-3 1
-3 1
-3 1
-14 52
+13 24
+1 20
+10 5
-26 15
+16 20
+10 20
-26 60
+26 1
-26 3
+33 3
+20 3
+1 4
+1 4
+1 4
+2 4
+5 4
+1 4
+1 4
+6 3
+5 2
+7 2
+1 3
+18 3
+5 1
+2 1
-2 1
+2 1
+2 2
+2 2
+1 1
+2 3
+10 1
-8 3
+8 1
+5 2
+1 2
+2 2
fe=(2)
1293 2
cfi=(6)
cfn=(10)
calls=1 939 
* 23
+3 2
fi=(22) /build/glibc-OTsEL5/glibc-2.27/elf/setup-vdso.h
24 2
fe=(2)
1318 1
cfi=(11) /build/glibc-OTsEL5/glibc-2.27/elf/../sysdeps/unix/sysv/linux/dl-sysdep.c
cfn=(62) _dl_discover_osversion
calls=1 45 
* 87
* 9
-6 5
1167 2
+9 1
-7 1
-3 1
+10 1
+18 2
-37 3
+1 1
-6 3
+1 1
fi=(3)
65 4
+3 4
fe=(2)
1203 2
-1 2
+1 4
-1 2
+2 4
+1 1
+3 2
+1 2
-1 2
+1 2
+1 2
+1 6
+1 2
+31 2
+1 2
+1 1
-6 2
+1 1
fi=(3)
71 4
+1 1
+1 3
fe=(2)
1323 2
cfi=(24)
cfn=(66) _dl_init_paths
calls=1 623 
* 1740
+3 3
cfi=(31)
cfn=(92)
calls=1 49 
* 17
+7 1
-7 1
+2 1
+5 1
+3 3
+1 1
+3 1
-3 3
+1 2
+3 1
+5 1
-7 1
+7 1
+1 5
+17 2
+1 2
+5 1
-3 3
+2 1
+1 2
+5 2
+1 5
-1 2
+3 2
+1 2
+5 2
+6 4
+1 1
-2 1
885 1
1391 1
1570 1
cfi=(32) /build/glibc-OTsEL5/glibc-2.27/elf/../elf/dl-tls.c
cfn=(94) _dl_count_modids
calls=1 113 
* 4
* 1
+8 3
+3 2
+4 3
+5 2
+1 1
cfi=(31)
cfn=(96)
calls=1 74 
* 1
+1 1
+4 2
+15 3
+4 1
-2 1
+2 2
+2 3
+1 1
-1 2
+1 1
cfn=(98) handle_ld_preload
calls=1 837 
* 2506
* 1
+1 4
+2 2
+10 3
cfi=(47) /build/glibc-OTsEL5/glibc-2.27/io/../sysdeps/unix/sysv/linux/access.c
cfn=(144) access
calls=1 27 
* 8
* 2
+77 1
-96 1
+96 3
+17 3
+1 1
-1 1
+1 2
-1 1
+1 5
cfi=(48)
cfn=(146) _dl_map_object_deps
calls=1 159 
* 7305
+1 4
+5 1
-3 2
+3 2
+1 7
-1 2
+1 9
-1 6
+4 3
+1 3
+1 1
+2 2
+1 5
-1 4
+1 6
-1 6
+47 2
+2 2
-1 1
-1 2
+2 4
cfi=(34)
cfn=(166)
calls=1 226 
* 2796
+10 1
+1 1
-1 1
+1 1
+1 1
cfn=(174) init_tls
calls=1 687 
* 542
* 1
+2 2
799 1
fi=(163) /build/glibc-OTsEL5/glibc-2.27/elf/../sysdeps/unix/sysv/linux/dl-osinfo.h
64 2
fe=(2)
801 1
fi=(163)
77 1
fe=(2)
810 1
+7 1
-5 1
1808 2
2038 3
2161 3
+7 1
+2 3
+1 1
-1 2
+2 10
+2 4
-2 8
+2 4
+5 8
+2 8
+6 4
+2 8
+1 24
cfi=(54) /build/glibc-OTsEL5/glibc-2.27/elf/dl-reloc.c
cfn=(180) _dl_relocate_object
calls=3 148 
* 91261
+4 10
+1 2
cfi=(32)
cfn=(278) _dl_add_to_slotinfo
calls=1 887 
* 20
* 1
-12 1
+1 1
-3 2
+29 4
+2 1
+7 3
cfi=(32)
cfn=(280) _dl_allocate_tls_init
calls=1 437 
* 149
+3 2
-25 4
+2 2
+6 1
-6 1
+6 1
+26 3
+2 4
+15 1
+2 1
-2 2
+3 1
-3 1
+3 1
-3 1
+3 3
cfi=(54)
cfn=(180)
calls=1 148 
* 6191
+1 4
+2 2
+8 1
cfi=(7)
cfn=(282) _dl_sysdep_start_cleanup
calls=1 260 
* 1
+4 2
+20 3
cfi=(31)
cfn=(92)
calls=1 49 
* 8
+1 1
-1 1
+2 1
cfi=(31)
cfn=(96)
calls=1 74 
* 1
+1 1
+4 1
cfi=(50)
cfn=(284)
calls=1 326 
* 15
+5 8
2094 1
+13 1
-9 1
-4 1
+10 1
-6 1
+6 1
+3 1
1753 1
+1 1
-1 2
+1 1
+2 1
+2 3
+2 1
-4 1
+4 2
+14 4
+1 2
+1 3
-64 5
+1 1
-1 3
+4 3
+1 1
+1 2
+1 2
+32 2
2565 3

fn=(52)
784 5
+1 5

fn=(54)
790 5
+1 5

fn=(174)
687 1
-6 1
+2 2
+4 1
+10 4
cfi=(19)
cfn=(42)
calls=1 92 
* 27
* 1
+11 1
-15 1
+3 1
+6 1
+2 1
-11 1
+15 1
+2 1
-1 1
+1 15
+2 8
+4 1
+2 1
-2 1
-5 8
+9 2
+3 1
cfi=(32)
cfn=(176) _dl_determine_tlsoffset
calls=1 141 
* 66
+7 1
cfi=(32)
cfn=(178) _dl_allocate_tls_storage
calls=1 332 
* 375
+1 1
-1 1
+1 1
+6 1
+3 1
-3 1
+3 6
+3 1
+2 1
+1 3

fn=(168)
621 2
+2 4
cfi=(53) /build/glibc-OTsEL5/glibc-2.27/elf/dl-version.c
cfn=(170) _dl_check_all_versions
calls=1 362 
* 2771
* 2
+4 2

fn=(98)
837 8
+1 1
-1 1
-75 1
+86 1
-86 4
+80 2
+3 3
cfi=(33) /build/glibc-OTsEL5/glibc-2.27/string/../sysdeps/x86_64/strcspn.S
cfn=(100) strcspn
calls=1 30 
* 218
* 1
+1 3
+9 1
121 1
857 2
121 2
859 2
-97 5
-10 1
+4 1
+1 1
+1 1
+2 1
+2 1
cfi=(34)
cfn=(104)
calls=1 213 
* 2201
* 1
+1 3
+8 4
+71 2
+21 9
-15 4
cfi=(20)
cfn=(48)
calls=1 129 
* 18
+1 2

fl=(7)
fn=(282)
260 1

fn=(12)
88 8
+25 1
-1 1
+1 205
+6 1
-3 1
+1 1
-4 1
+3 1
+3 4
+1 2
-1 12
-29 1
-1 10
+30 2
+1 108
+3 1
-4 74
+62 1
-62 1
+63 1
-1 1
-62 3
+34 1
-34 2
+35 1
-35 2
+46 1
-46 1
+47 1
-1 1
-46 3
+40 1
-40 1
+41 1
-1 1
-40 3
+37 1
-37 2
+38 1
-38 3
+13 1
-13 2
+14 1
-14 2
+10 1
-10 2
+11 1
-11 2
+7 1
-7 4
224 1
cfi=(9)
cfn=(16)
calls=1 +65 
* 25564
fi=(11)
35 2
cfi=(12) /build/glibc-OTsEL5/glibc-2.27/elf/../sysdeps/unix/sysv/linux/x86_64/brk.c
cfn=(22) brk
calls=1 -4 
* 11
fi=(8) /build/glibc-OTsEL5/glibc-2.27/elf/../sysdeps/x86/cpu-features.c
196 1
-12 1
+1 1
+11 1
+3 1
-3 1
+3 5
366 3
+1 1
+3 2
+1 1
+6 1
+5 2
-3 1
+3 1
-4 1
+4 1
cfi=(9)
cfn=(26)
calls=1 -9 
* 16
+2 4
cfi=(9)
cfn=(26)
calls=1 -11 
* 18
* 1
+2 3
-2 1
+2 1
cfi=(9)
cfn=(26)
calls=1 -13 
* 18
* 1
+2 3
-2 1
+2 1
cfi=(9)
cfn=(26)
calls=1 -15 
* 18
+12 1
-12 1
+11 1
-11 1
+12 1
fe=(7)
236 1
cfi=(13)
cfn=(28)
calls=1 79 
* 16
* 1
+2 2
cfi=(14)
cfn=(30)
calls=1 32 
* 17
* 3
+12 3
+3 5
cfi=(2)
cfn=(32)
calls=1 870 
* 114703
+1 1
+1 8
fi=(8)
404 3
+28 2
-9 3
+2 4
+3 4
+1 2
205 6
cfn=(24) get_common_indeces.constprop.1
calls=1 34 
* 87
+3 3
+97 4
+7 4
203 1
312 4
210 5
+1 7
+85 3
-79 2
fe=(7)

fl=(24)
fn=(118) open_verify.constprop.7
1598 110
+39 10
-39 30
+39 38
+31 40
cfi=(37) /build/glibc-OTsEL5/glibc-2.27/io/../sysdeps/unix/sysv/linux/wordsize-64/lxstat.c
cfn=(120) open
calls=10 39 
* 184
+2 10
-2 10
+2 12
+10 2
+1 4
+5 12
cfi=(39) /build/glibc-OTsEL5/glibc-2.27/io/../sysdeps/unix/sysv/linux/read.c
cfn=(124) read
calls=2 27 
* 10
+2 4
+2 2
+2 2
-2 2
+2 2
+6 4
+16 32
+74 4
+5 4
+2 8
+6 4
+11 4
+6 2
+1 2
+1 2
-2 6
+1 6
+21 82
+2 38
+13 6
+3 8
+1 2
+12 12
-3 18
+15 2
+3 1
+1 3
+1 1
-1 1
-1 1
+3 3
+1 3
1650 8
1918 90
1714 2
1871 12
+3 2
-4 2
+4 4
+5 1
+1 2
-55 2

fn=(114)
2080 21
+8 3
-8 6
+8 3
+1 12
+3 42
+5 49
+2 21
cfi=(36)
cfn=(116)
calls=7 282 
* 919
* 14
+4 12
+1 18
+3 2
+1 2
+1 2
-1 2
+1 2
cfi=(21)
cfn=(56)
calls=2 144 
* 74
* 4
2391 27
2125 6
+10 6
-53 2
+89 4
-2 2
+2 2
cfi=(29) /build/glibc-OTsEL5/glibc-2.27/string/../sysdeps/x86_64/multiarch/../strchr.S
cfn=(84) index
calls=2 24 
* 46
* 4
2322 5
cfn=(82) expand_dynamic_string_token
calls=1 320 
* 154
* 1
-2 1
+3 5
+4 9
cfn=(118)
calls=1 1598 
* 208
+3 2
-3 1
+3 3
+12 3
+46 1
+1 3
-1 1
+1 9
cfn=(126) _dl_map_object_from_fd
calls=1 808 
* 1347
-1 1
+1 3
-1 1
+1 9
cfn=(126)
calls=1 808 
* 1694
* 6
2171 1
+4 2
cfi=(13)
cfn=(28)
calls=1 79 
* 16
* 1
+2 1
-2 1
+2 1
+7 4
+36 12
cfn=(150) open_path
calls=1 1932 
* 1347
+6 2
-6 1
+6 3
601 3
2314 2
+28 4
+2 2
-95 1
-14 1
+14 1
+2 3
+4 2
cfi=(50)
cfn=(154)
calls=1 187 
* 1449
+2 1
-2 1
+2 1
+4 2
+8 3
+23 10
cfn=(118)
calls=1 1598 
* 220
+4 2
-4 1
+4 3
+1 2
-88 7
601 3
2219 2
+1 2
-32 1
+1 2
-1 3
+8 7
-3 3
601 3
+9 3
2208 3

fn=(126)
808 22
+10 2
-10 2
+10 2
-10 6
+10 2
cfi=(31)
cfn=(92)
calls=2 49 
* 16
fi=(40) /build/glibc-OTsEL5/glibc-2.27/elf/../sysdeps/posix/dl-fileid.h
37 6
fe=(24)
818 2
fi=(40)
37 2
cfi=(41)
cfn=(130)
calls=2 -3 
* 20
* 4
+4 2
fe=(24)
834 2
fi=(40)
40 2
+1 2
fe=(24)
834 27
+1 10
fi=(40)
49 13
fe=(24)
1346 18
852 4
+24 8
+10 4
+22 8
+32 4
819 2
943 14
cfi=(17)
cfn=(38)
calls=2 59 
* 758
+1 2
-1 2
+1 2
+11 4
+5 2
-5 2
+1 2
+5 2
-5 2
+1 2
+2 2
-2 2
+2 4
+1 6
+20 2
-2 2
+10 2
-8 12
+8 2
-8 6
+8 2
+97 2
982 2
-6 2
1085 2
981 2
-5 4
1085 6
-96 32
-1 102
+1 95
+6 4
+5 4
+1 8
+11 20
+5 32
+9 12
-1 12
+1 4
+1 8
+2 4
-2 4
+1 4
-1 4
+3 4
+4 4
-7 4
+3 4
-1 4
+5 4
+1 8
+5 4
-1 2
-14 2
+14 2
+1 12
+10 2
-10 4
-1 2
-14 2
+14 2
+1 12
+10 2
-44 2
+1 1
+46 3
+4 1
+1 1
+2 1
-1 1
-1 2
+1 1
+3 3
+1 1
+3 1
-3 1
+7 4
+6 1
cfi=(32)
cfn=(162) _dl_next_tls_modid
calls=1 51 
* 6
* 2
+1 1
+19 4
+1 4
+1 2
-6 4
+1 2
+8 8
956 2
1110 2
956 2
1110 2
+10 6
fi=(43) /build/glibc-OTsEL5/glibc-2.27/elf/./dl-map-segments.h
50 2
+6 2
fe=(24)
1120 8
fi=(43)
56 6
fe=(24)
1120 2
fi=(43)
50 2
fe=(24)
1120 4
fi=(43)
56 4
cfi=(42) /build/glibc-OTsEL5/glibc-2.27/misc/../sysdeps/unix/sysv/linux/mmap64.c
cfn=(132) mmap
calls=2 -12 
* 74
+4 2
-4 2
+4 4
+3 4
+1 2
+2 2
-2 2
-1 2
+3 2
+14 4
fi=(45) /build/glibc-OTsEL5/glibc-2.27/elf/./dl-load.h
+10 8
+1 6
+2 8
fi=(43)
+11 16
+45 4
-59 20
+2 12
+2 16
cfi=(42)
cfn=(132)
calls=2 -50 
* 66
* 4
+16 2
+2 2
-2 2
+1 2
+2 2
-1 2
+1 2
-1 6
+8 4
+3 4
+8 14
cfi=(28) /build/glibc-OTsEL5/glibc-2.27/string/../sysdeps/x86_64/multiarch/memset-vec-unaligned-erms.S
cfn=(76) memset
calls=2 -22 
* 249
* 4
+6 4
+4 8
cfi=(42)
cfn=(132)
calls=1 -97 
* 33
+3 2
-71 20
cfi=(44)
cfn=(136) mprotect
calls=2 +5 
* 10
* 4
fi=(45)
+21 5
+2 1
-1 3
+1 1
-1 1
+1 2
-1 2
+3 4
fe=(24)
1132 8
+9 4
fi=(3)
42 2
fe=(24)
1141 2
fi=(3)
42 2
+6 2
-2 2
+2 4
+15 2
+5 2
+3 2
-1 2
-3 2
-3 36
+10 8
-26 24
+16 35
+10 35
-26 105
+26 2
-26 6
+2 90
+13 40
+2 8
+16 4
+20 7
+1 8
+1 8
+1 8
+2 8
+5 8
+1 7
+1 8
+6 6
+5 4
+7 4
+1 6
+18 6
+5 1
+2 1
-2 1
+2 1
+2 2
+2 2
+3 6
+10 1
-8 4
+8 1
+5 2
+3 4
fe=(24)
1148 4
+15 6
+19 4
+2 10
+54 6
+1 2
+3 2
cfi=(46) /build/glibc-OTsEL5/glibc-2.27/io/../sysdeps/unix/sysv/linux/close.c
cfn=(142) close
calls=1 27 
* 5
* 2
cfi=(46)
cfn=(142)
calls=1 27 
* 5
* 4
+9 4
+2 6
+2 2
-2 2
+2 2
+16 4
cfi=(6)
cfn=(10)
calls=2 939 
* 46
+4 4
+1 4
+17 4
+1 1
+8 1
-5 3
+5 2
-5 3
+5 1
+10 4
+10 6
cfi=(17)
cfn=(50)
calls=2 31 
* 82
+4 6
fi=(3)
68 8
+3 8
+1 2
+1 8
fe=(24)
369 2

fn=(150)
1932 8
+1 1
+6 1
-6 1
+6 1
+5 11
-7 1
-1 1
+8 7
+3 3
+9 4
+7 3
+1 1
-13 3
+12 1
cfi=(20)
cfn=(74)
calls=1 116 
* 12
* 1
+55 2
-22 6
-32 2
+32 24
-32 16
+3 16
+4 48
cfi=(20)
cfn=(74)
calls=8 116 
* 101
* 32
cfi=(20)
cfn=(74)
calls=8 116 
* 96
+3 16
+3 24
+3 72
cfn=(118)
calls=8 1598 
* 440
* 8
+2 40
+2 16
+89 9
-24 7
+7 1
-2 1
+2 3
+3 3
-13 2
-57 16
+1 64
+6 16
+2 16
-2 16
+2 16
cfi=(49) /build/glibc-OTsEL5/glibc-2.27/io/../sysdeps/unix/sysv/linux/wordsize-64/xstat.c
cfn=(152) _xstat
calls=8 34 
* 101
* 8
+3 8
-3 8
+1 1
+2 1
-2 1
+2 7
-37 2
+37 7
-37 14

fn=(66)
623 1
+13 2
-13 8
+13 3
cfi=(25) /build/glibc-OTsEL5/glibc-2.27/elf/dl-hwcaps.c
cfn=(68) _dl_important_hwcaps
calls=1 42 
* 711
+5 1
-5 1
+5 1
cfi=(19)
cfn=(46)
calls=1 50 
* 18
* 1
+1 1
-2 1
+2 2
+8 1
-1 1
+1 4
-1 3
+4 4
cfi=(19)
cfn=(46)
calls=1 50 
* 18
* 1
+2 1
-2 2
+2 1
+7 1
+10 1
-11 1
+12 1
+3 1
+1 1
-5 1
+3 1
+1 1
-1 1
+9 1
-20 1
+17 1
+3 1
-3 17
cfi=(28)
cfn=(76)
calls=4 109 
* 48
+3 27
-12 3
-2 3
+10 3
-7 3
-1 3
+4 3
-1 3
+1 3
+1 3
+3 3
+1 3
-4 3
+4 3
+14 1
-11 1
+6 1
+1 1
+5 2
+2 4
+2 3
+38 5
-19 1
-2 2
+2 2
+21 3
cfi=(13)
cfn=(28)
calls=1 79 
* 16
* 8
cfi=(20)
cfn=(48)
calls=1 129 
* 10
* 1
+5 4
-1 2
+2 56
-1 57
+5 1
cfi=(19)
cfn=(46)
calls=1 50 
* 18
* 1
+1 1
-2 1
+2 1
+6 7
cfn=(78) fillin_rpath
calls=1 389 
* 584
+3 3
+6 1
+4 8
-37 2

fn=(78)
389 7
+2 1
-2 9
+4 3
cfi=(19)
cfn=(80) strsep
calls=1 265 
* 238
* 3
cfi=(19)
cfn=(80)
calls=1 265 
* 6
* 6
+7 2
+2 3
cfn=(82)
calls=1 -82 
* 104
+4 1
-4 1
+4 1
+5 2
cfi=(13)
cfn=(28)
calls=1 79 
* 16
+1 2
+7 6
+9 17
+1 8
+57 2
cob=(2) ???
cfi=(18) ???
cfn=(88) 0x0000000004000f00
calls=1 0 
* 5
* 1
-39 2
+4 7
-1 1
cfi=(19)
cfn=(46)
calls=1 50 
* 18
* 1
+3 3
+5 1
+1 2
-2 2
+2 1
cfi=(20)
cfn=(74)
calls=1 116 
* 12
+3 1
-2 1
-1 1
+1 1
+2 1
+6 4
+1 17
+1 1
-1 3
+1 1
-1 14
+1 8
-1 1
+1 1
-1 3
+1 1
-1 2
+4 1
-1 1
+1 1
-1 1
+1 1
+8 1
-1 1
+4 3
-37 2
-28 1
+5 4
+66 1
+3 9
-15 2

fn=(82)
320 12
+10 4
-10 2
+10 2
cfi=(29)
cfn=(84)
calls=2 24 
* 70
* 4
+15 2
-11 2
+11 8
-11 2
cfi=(30)
cfn=(86)
calls=2 40 
* 150

fl=(37)
fn=(120)
39 11
fi=(38) /build/glibc-OTsEL5/glibc-2.27/io/../sysdeps/unix/sysv/linux/open64.c
-3 11
+3 66
+8 77
+2 3
-2 24
+2 8
fe=(37)

fl=(39)
fn=(124)
27 8
+1 2

fl=(159) /build/glibc-OTsEL5/glibc-2.27/elf/dl-fini.c
fn=(644) _dl_fini
30 8
+20 3
-3 6
+3 4
+3 2
cfi=(2)
cfn=(52)
calls=1 784 
* 2
+2 1
+3 2
+2 8
+8 1
-3 1
+8 1
-5 6
+7 8
+2 8
+2 8
+1 4
+1 4
+4 4
-12 12
+14 6
+1 4
+6 3
cfi=(52) /build/glibc-OTsEL5/glibc-2.27/elf/dl-sort-maps.c
cfn=(164) _dl_sort_maps
calls=1 -66 
* 253
+10 2
cfi=(2)
cfn=(54)
calls=1 790 
* 2
+5 6
+2 1
+2 3
-2 3
+2 9
+3 8
+3 12
+4 4
+11 2
+1 2
-1 2
+2 2
-2 2
+2 2
+1 14
+1 2
cob=(4) /usr/lib/valgrind/vgpreload_core-amd64-linux.so
cfi=(79) ???
cfn=(668) 0x0000000000000600
calls=1 0 
* 95
cob=(5)
cfi=(88)
cfn=(646) 0x0000000000000c30
calls=1 0 
* 95
* 2
-1 6
+5 4
+1 6
cob=(2)
cfi=(18)
cfn=(684) 0x0000000004a2a7a8
calls=1 0 
* 3
cob=(2)
cfi=(18)
cfn=(666) 0x000000000010fb74
calls=1 0 
* 3
+6 24
+16 8
-56 10
+62 6
+6 2
+7 8
-90 7
+26 6

fl=(30)
fn=(86)
40 12
+1 3
cfi=(13)
cfn=(28)
calls=3 +38 
* 84
* 3
+1 6
cfi=(19)
cfn=(46)
calls=3 +8 
* 54
* 3
+2 6
+4 3
-1 6
+1 6
-1 6
cfi=(20)
cfn=(48)
calls=3 +82 
* 38

fl=(78)
fn=(290)
79 11
+5 1
-4 1
+1 1
+3 2
+8 2
+25 2
+1 12
+1 12
-89 12
+9 3
-3 6
+3 9
+5 6
+5 2
+9 6
cob=(3) /lib/x86_64-linux-gnu/libc-2.27.so
cfi=(80) /build/glibc-OTsEL5/glibc-2.27/csu/../csu/init-first.c
cfn=(302) _init
calls=1 -6 
* 201
* 1
+4 2
+6 2
+2 2
-2 1
+3 1
-1 1
+1 5
+1 4
cob=(3)
cfi=(86) /build/glibc-OTsEL5/glibc-2.27/string/../sysdeps/x86/cacheinfo.c
cfn=(316) init_cacheinfo
calls=1 488 
* 1773
* 1
-1 2
+47 3
+7 8
-80 3
-5 3
-10 3
+57 2
-48 1
-3 2
+3 3
+5 3
+5 2
+9 7
cob=(2)
cfi=(18)
cfn=(292) 0x0000000004a2a520
calls=1 -58 
* 6
* 1
+3 1
+1 2
+6 1
+2 2
-2 2
+3 8
+1 4
cob=(4)
cfi=(79)
cfn=(296) 0x0000000000000640
calls=1 -72 
* 17
-1 5

fl=(20)
fn=(74)
116 26
+1 26
+1 26
+13 26
+1 26
+1 4
+1 4
+5 3
+1 3
+1 3
+1 3
+5 3
267 22
+1 22
+1 8
+1 8
+1 3
+1 3
+1 1
+4 1
+22 14
+1 14
+1 14
+1 14
+1 14
+3 5
+1 5
+1 5
+1 5
+1 5
+3 2
+1 2
+1 2
+1 2
+1 2
+10 1
+1 1
+1 1
+1 1
+22 1
+1 1
+1 1
+1 1
+1 1
+1 1
+1 1
+1 1
+2 1

fn=(48)
129 16
+2 16
+1 16
+1 8
+1 8
+5 5
+1 5
+1 5
+1 5
+5 5
267 8
+1 8
+1 1
+1 1
+1 1
+1 1
+1 1
+1 1
+1 1
+2 1
+22 7
+1 7
+1 7
+1 7
+1 7
+24 3
+1 3
+1 3
+1 3
+22 3
+1 3
+1 3
+1 3
+1 3
+1 3
+1 3
+1 3
+2 3

fl=(52)
fn=(164)
28 16
+2 2
-2 2
+2 2
+92 10
-88 10
+1 4
-1 2
-1 2
+1 8
+1 2
cfi=(28)
cfn=(76)
calls=2 +74 
* 30
* 32
+4 4
+3 2
-3 4
+1 6
+2 2
-7 4
+4 8
+3 4
-3 8
+1 12
+2 4
+12 36
+2 12
+1 8
-1 6
+1 6
+2 18
+1 12
+58 24
cfi=(28)
cfn=(76)
calls=4 -9 
* 64
* 16
-28 24
-36 12
+61 28
-25 9
-44 12
+69 2
+7 16

fl=(32)
fn=(280)
437 8
+1 1
-1 1
+1 1
+4 1
+6 2
-6 1
+6 1
+12 1
-15 1
+39 1
-24 1
-16 2
+21 9
+6 15
+3 1
+1 2
+6 3
+3 1
-2 1
+6 1
-6 1
+2 1
+4 1
-4 2
+3 1
-3 1
+1 1
+2 1
+4 2
+1 4
+2 2
+1 2
+12 1
-3 1
+3 2
cfi=(20)
cfn=(74)
calls=1 116 
* 12
* 5
cfi=(28)
cfn=(76)
calls=1 109 
* 33
* 7
-42 2
+52 1
+4 3
+3 8

fn=(178)
332 1
+2 1
-2 2
+13 1
+1 2
cfi=(19)
cfn=(46)
calls=1 50 
* 18
* 1
+1 3
+8 2
-69 1
+69 2
+1 1
+4 297
+19 1
-94 2
+1 2
cfi=(19)
cfn=(42)
calls=1 92 
* 27
* 1
+1 2
+3 1
+6 2
+89 5

fn=(162)
51 4
+48 1
+4 1

fn=(278)
887 4
+9 1
-3 2
+8 7
+41 1
+1 1
+1 4

fn=(176)
141 1
-6 5
+6 2
+3 2
+36 3
+2 4
-2 1
-2 1
-40 1
-1 1
-1 2
+69 2
+3 2
-3 5
+2 2
+10 1
-37 2
+25 1
-25 2
+5 1
-1 1
+5 2
-4 1
-1 2
+3 2
+2 3
-9 5
+93 1
-53 1
+1 1
+52 1
-1 1
+1 4

fn=(94)
113 2
+1 2

fl=(49)
fn=(152)
34 8
-1 8
+1 8
+1 48
+4 1
-4 28

fl=(25)
fn=(68)
42 4
+1 1
-1 8
+1 4
-1 1
+1 1
cfi=(9)
cfn=(26)
calls=1 373 
* 18
* 1
+3 3
-3 1
+12 6
+1 3
+1 1
-2 1
+2 1
-2 5
+1 3
+1 1
-2 1
+2 1
-2 5
+10 3
fi=(26)
-37 4
fe=(25)
131 4
-2 1
+17 6
+3 2
329 9
69 3
+77 1
+20 1
-19 1
+36 10
+1 3
-1 2
+1 3
fi=(27) /build/glibc-OTsEL5/glibc-2.27/elf/../sysdeps/x86/dl-hwcap.h
57 6
fe=(25)
186 1
+1 1
cfi=(13)
cfn=(28)
calls=1 79 
* 16
+1 1
-1 1
+1 3
-5 1
+5 1
-5 1
+5 2
-5 5
+8 3
+2 1
+1 6
+4 1
+4 1
-3 1
-1 1
+4 2
+3 4
+4 3
+1 1
-1 5
+1 3
+2 3
+2 2
-1 1
+1 1
-1 1
+2 2
+7 2
+6 11
+1 4
cfi=(19)
cfn=(46)
calls=1 50 
* 18
* 1
+1 1
-1 1
+1 3
+29 13
+3 4
+7 1
+10 12
-4 2
-3 1
+3 1
cfi=(20)
cfn=(74)
calls=1 116 
* 16
* 2
-3 1
+3 1
cfi=(20)
cfn=(74)
calls=1 116 
* 16
* 6
+3 7
+1 12
+1 4
cfi=(20)
cfn=(74)
calls=1 116 
* 14
-2 1
+2 2
-2 1
+5 6
cfi=(20)
cfn=(74)
calls=2 116 
* 28
+2 2
-2 4
+2 5
-7 3
+12 1
+1 2
-1 9
+1 14
-1 18
+5 10
+4 3
-4 12
+4 33
+1 12
-1 12
+1 24
-2 12
+1 24
-1 39
+4 6
+5 1
-2 1
+2 1
-1 1
-1 2
+2 1
-1 1
+1 4
+2 6
+1 2
+3 2
-6 5
+13 8
+1 1
-1 2
+3 2
-3 3
+1 3
-1 6
+3 6
+3 3
+2 2
-15 2
-6 3
-42 2

fl=(46)
fn=(142)
27 12
+1 3

fl=(47)
fn=(144)
27 7
+4 1

fl=(100) /build/glibc-OTsEL5/glibc-2.27/elf/../elf/dl-runtime.c
fn=(376) _dl_fixup
66 4
+6 4
-6 2
+3 4
+3 6
-4 2
+5 2
+2 2
-2 10
+2 2
-2 2
+2 2
+5 4
+4 4
+4 2
+7 2
-7 4
+4 4
+1 8
+2 8
+7 4
-1 2
+1 2
+10 18
cfi=(6)
cfn=(188)
calls=2 790 
* 1847
* 2
+4 10
+10 14
+16 2
-8 2
+8 6
+4 6
fi=(5)
+96 2
fe=(100)
-92 6

fl=(21)
fn=(56)
144 318
+1 318
+2 318
+1 318
+21 318
+1 318
+1 233
+1 233
+1 86
+1 86
+1 86
+1 86
+21 86
+1 86
+1 86
+1 86
+1 86
+1 86
+1 86
+5 6
+1 6
+9 6
+1 6
+1 6
+1 6
+1 6
+1 6
+1 6
+1 6
-7 232
+1 232
+1 232
+1 232
+1 232
+1 232
+1 232
+1 232
+1 175
+1 157
+1 157
+1 157
+2 157
+1 157
+1 157
+1 157
+1 157
+1 157
-5 18
+1 18
+1 18
+1 18
+1 18
+1 18
+10 63
+1 63
+1 63
+2 63
+6 63
+1 63
+1 63
+1 63
+1 63
+5 63
+2 62
+1 62
+1 124
+8 62
+1 62
+3 62
+1 62
+1 62
+1 62
+1 62
+1 62
821 1
+1 1
+1 1
+1 1
+1 1
+2 1
+1 1
+1 1
+1 1
+1 1
+1 1
+1 1
+1 1
+4 1
+1 1
+1 1
+6 1
+1 1
+1 2
+4 1
+1 1
+3 1
+1 1
+1 1
+3 1
+1 1
+1 1
+6 1
+1 1
+1 1
+1 1
+1 1
+1 1
+72 3
+1 3
+1 3
+1 3
+1 3
+2 3
+1 3
+1 3
+1 3
+1 3
+1 3
+1 3
+1 2
+4 2
+1 2
+1 2
+6 2
+1 2
+1 4
+4 2
+1 2
+3 2
+1 2
+1 2
+3 2
+1 2
+1 2
+6 2
+1 2
+1 2
+1 2
+1 2
+1 2
+72 111
+1 111
+1 111
+1 111
+1 111
+2 111
+1 111
+1 111
+1 111
+1 111
+1 111
+1 111
+1 3
+4 3
+1 3
+1 3
+6 3
+1 3
+1 6
+4 3
+1 3
+3 3
+1 3
+1 3
+3 3
+1 3
+1 3
+6 3
+1 3
+1 3
+1 3
+1 3
+1 3
+72 5
+1 5
+1 5
+1 5
+1 5
+2 5
+1 5
+1 5
+1 5
+1 5
+1 5
+1 5
+1 1
+4 1
+1 1
+1 1
+6 1
+1 1
+1 2
+4 1
+1 1
+3 1
+1 1
+1 1
+3 1
+1 1
+1 1
+6 1
+1 1
+1 1
+1 1
+1 1
+1 1
+72 1
+1 1
+1 1
+1 1
+1 1
+2 1
+1 1
+1 1
+1 1
+1 1
+1 1
+1 1
1446 3
+1 3
+1 3
+1 3
+1 3
+2 3
+1 3
+1 3
+1 3
+1 3
+1 3
+1 3
+1 2
+4 2
+1 2
+1 2
+6 2
+1 2
+1 4
+4 2
+1 2
+3 2
+1 2
+1 2
+3 2
+1 2
+1 2
+6 2
+1 2
+1 2
+1 2
+1 2
+1 2
+72 30
+1 30
+1 30
+1 30
+1 30
+2 30
+1 30
+1 30
+1 30
+1 30
+1 30
+1 30
+1 29
+4 29
+1 29
+1 29
+6 29
+1 29
+1 58
+4 29
+1 29
+3 29
+1 29
+1 29
+3 29
+1 29
+1 29
+6 29
+1 29
+1 29
+1 29
+1 29
+1 29
+72 3
+1 3
+1 3
+1 3
+1 3
+2 3
+1 3
+1 3
+1 3
+1 3
+1 3
+1 3
+1 1
+4 1
+1 1
+1 1
+6 1
+1 1
+1 2
+4 1
+1 1
+3 1
+1 1
+1 1
+3 1
+1 1
+1 1
+6 1
+1 1
+1 1
+1 1
+1 1
+1 1
+7 1
+1 1
+2 1
+1 1
+2 1
+1 1
+1 1
+3 1
+1 1
+1 1
+6 1
+1 1
+1 1
+1 1
+1 1
+1 1
+41 6
+1 6
+1 6
+1 6
+1 6
+2 6
+1 6
+1 6
+1 6
+1 6
+1 6
+1 6
+1 6
+4 6
+1 6
+1 6
+6 6
+1 6
+1 12
+4 6
+1 6
+3 6
+1 6
+1 6
+3 6
+1 6
+1 6
+6 6
+1 6
+1 6
+1 6
+1 6
+1 6
+72 7
+1 7
+1 7
+1 7
+1 7
+2 7
+1 7
+1 7
+1 7
+1 7
+1 7
+1 7
+1 2
+4 2
+1 2
+1 2
+6 2
+1 2
+1 4
+4 2
+1 2
+3 2
+1 2
+1 2
+3 2
+1 2
+1 2
+6 2
+1 2
+1 2
+1 2
+1 2
+1 2
+72 5
+1 5
+1 5
+1 5
+1 5
+2 5
+1 5
+1 5
+1 5
+1 5
+1 5
+1 5
2200 109
+2 109
+1 109
+1 109
+1 109
-3 129
+1 129
+1 129
+1 129
+1 471
+5 157
+6 157
+1 157
+8 157
+1 157
-16 161
+6 161
+1 161
+8 161
+1 161

fl=(29)
fn=(84)
24 6
+1 6
+1 6
+1 6
+1 6
+1 6
+1 6
+1 6
+1 6
+1 6
+1 6
+1 6
+1 6
+1 6
+1 6
+1 6
+1 6
+1 4
+4 4
+1 4
+1 4
+1 4
+2 4
+4 2
+1 2
+1 2
+1 2
+1 2
+1 2
+1 2
+1 2
+1 2
+1 2
+1 2
+1 2
+1 2
+1 2
+1 2
+1 2
+1 2
+1 2
+1 2
+1 2
+1 2
+1 2
+1 2
+1 2
+52 2
+4 2
+1 2
+1 2
+1 2
+2 2

fl=(15)
fn=(34)
29 3
+3 10
+13 63
-13 189
+2 130
+1 20
+5 2
-3 2
+3 2
+2 2
+7 1

fl=(16)
fn=(36)
24 2
+1 2
+1 2
+1 2
+1 2
+1 2
+1 2
+1 2
+3 2
+1 2
+1 1
+1 1
+1 1
+1 1
+1 1
+1 1
+1 1
+2 2
+1 2
+1 1
+1 1
+1 1
+1 1
+1 1
+1 1
+1 1
+2 2
+1 2
+1 2
+1 2
+1 2
+1 2
+1 1
+1 1
+1 1
+2 1
+1 1
+1 1
+1 1
+1 1
+1 1
+29 2
+1 2
+15 2
+1 2

fl=(19)
fn=(90) free
111 4

fn=(42)
92 8
+8 8
-1 16
-3 8
+4 16
+3 8
cfn=(46)
calls=8 -53 
* 210
* 8

fn=(46)
50 87
+11 42
+3 21
-3 21
+3 42
-3 2
+3 1
-3 1
+3 86
-15 3
+20 4
+1 2
+2 1
+1 8
cfi=(42)
cfn=(132)
calls=1 -29 
* 35
+2 2
+2 3
+2 1
+3 1
-3 2
+4 1
+2 5
-2 21
-1 21
+3 42
-29 1
-1 1
+1 1
+1 2
-2 2

fn=(80)
265 4
+2 2
+1 4
+4 33
+7 84
-2 56
+13 1
+4 2
-7 14
-15 44

fl=(36)
fn=(116)
282 400
+1 160
cfi=(21)
cfn=(56)
calls=80 144 
* 3388
* 80
+1 80
-1 80
+3 80
+2 160
+6 77
+1 385
-3 81
-4 162
+1 252
cfi=(21)
cfn=(56)
calls=84 144 
* 3611
* 168
+6 3
-11 3
+11 12

fn=(156)
44 2
+3 1
-3 3
+3 1
-3 3
+3 1
cfi=(37)
cfn=(120)
calls=1 -8 
* 16
+1 2
+2 5
cfi=(41)
cfn=(130)
calls=1 -16 
* 10
* 2
+2 1
+3 1
-3 1
+3 1
+13 2
cfi=(46)
cfn=(142)
calls=1 -41 
* 5
+3 7
-14 6
cfi=(42)
cfn=(132)
calls=1 -13 
* 35
* 2

fl=(11)
fn=(62)
45 4
+2 3
+85 5
-45 3
cfi=(23)
cfn=(64)
calls=1 -9 
* 5
* 1
+15 1
-15 1
+20 1
-1 1
+3 12
+4 3
-2 6
+2 10
+2 1
+1 2
-3 4
+7 3
-1 3
+4 3
-2 3
+2 10
+5 2

fl=(53)
fn=(172) _dl_check_map_versions
156 28
+15 12
+2 20
+2 4
+1 4
+2 4
-3 4
+1 4
+2 4
+3 6
-16 2
-8 4
+28 2
-4 2
+4 4
+16 2
37 4
201 2
37 10
+1 5
-1 10
+2 21
cfi=(36)
cfn=(116)
calls=7 282 
* 817
* 14
209 6
+5 2
-71 6
+71 4
-71 6
+79 2
-2 2
-2 4
+4 2
-4 14
+4 2
-2 2
-2 4
+4 2
-4 24
57 6
+8 6
-8 6
+8 6
+6 12
+16 4
+1 8
+2 4
+5 24
+14 36
+12 42
+4 14
-30 28
225 16
+3 12
+5 2
-11 2
111 4
+3 16
cfi=(21)
cfn=(56)
calls=4 +30 
* 196
* 20
237 8
+14 6
+3 8
+3 12
+3 8
+4 2
-7 8
+3 6
+4 30
-7 120
+3 92
+8 9
+89 36
-83 12
cfi=(19)
cfn=(42)
calls=3 92 
* 81
* 3
+1 3
-2 3
+2 3
+13 3
+2 3
-5 3
+3 3
+2 3
-2 3
+2 3
+3 8
+4 6
+18 2
-15 6
+2 6
-2 6
+2 6
+2 4
+1 4
-1 8
+1 4
-1 4
+1 4
+1 4
-2 4
+2 8
+1 12
+3 12
+8 6
+10 9
+3 8
+4 32
+6 32
+1 32
+1 32
-1 96
+1 32
-1 32
+1 32
+1 32
+3 96
+4 32
-14 68
+10 6
-96 2
-86 2
-8 2
+94 3

fn=(170)
362 5
+2 1
-2 3
+4 3
+2 24
cfn=(172)
calls=4 156 
* 2700
-2 4
+2 16
-2 8
+5 7

fl=(99) /build/glibc-OTsEL5/glibc-2.27/elf/../sysdeps/x86_64/dl-trampoline.h
fn=(374) _dl_runtime_resolve_xsave
71 2
+3 2
+2 2
+10 2
+6 2
+1 2
+1 2
+1 2
+1 2
+1 2
+1 2
+4 2
+1 2
+3 2
+1 2
+2 2
+1 2
+1 2
+1 2
+1 2
+1 2
+2 2
+7 2
+1 2
+1 2
cfi=(100)
cfn=(376)
calls=2 -59 
* 2001
+1 2
+5 2
+1 2
+1 2
+2 2
+1 2
+1 2
+1 2
+1 2
+1 2
+1 2
+2 2
+2 2
+4 2
+3 2

fl=(44)
fn=(136)
78 24
+1 6

fn=(286)
78 4
+1 1

fl=(33)
fn=(100)
30 1
+7 1
+1 1
+2 1
+1 1
+1 1
+1 1
+1 33
+3 2
+7 1
+1 1
+1 1
+1 1
+2 1
+1 1
+1 1
+1 1
+2 1
+1 1
+1 1
+9 3
+12 1
+2 1
+1 1
+1 1
-4 11
+2 11
+1 11
+1 11
+2 12
+1 12
+1 12
+2 12
+1 12
+1 12
+2 12
+1 12
+1 12
+2 1
+1 1
+1 1
+2 1
+7 1
+4 1

fl=(54)
fn=(180)
148 40
+15 4
-15 8
+15 4
+1 20
+6 12
+6 16
+1 8
-19 6
+22 6
+7 4
-32 4
+32 4
+44 4
fi=(5)
76 4
fe=(54)
231 8
fi=(5)
76 12
fe=(54)
258 146
-99 2
fi=(5)
481 6
fe=(54)
159 4
+99 2
fi=(4)
48 2
fe=(54)
258 2
fi=(4)
47 2
+11 2
-11 2
+11 2
-11 2
+11 2
fe=(54)
258 2
-99 2
fi=(5)
481 6
fe=(54)
159 4
+99 2
fi=(4)
48 2
fe=(54)
258 2
fi=(4)
47 2
+11 2
-11 2
+11 2
-11 2
+11 2
fe=(54)
258 4
fi=(4)
48 4
fe=(54)
258 4
fi=(4)
47 4
+11 4
-11 4
+11 4
-11 4
+11 4
+26 6
+14 12
-15 12
+3 24
+12 6
+10 8
+10 18
+6 5
-3 10
+3 5
fi=(5)
491 3
fi=(4)
51 3
fi=(5)
491 3
fi=(4)
50 6
+77 504
+12 252
-3 378
fi=(5)
276 126
fi=(4)
139 126
-2 126
-1 126
+1 126
+1 126
-1 252
fi=(5)
276 126
+21 252
+4 252
+7 504
fi=(55)
102 327
fi=(5)
308 1922
fi=(4)
138 104
fi=(5)
308 208
fi=(4)
138 104
fi=(5)
308 104
fi=(4)
138 104
fi=(5)
308 208
fi=(4)
138 2
fi=(5)
308 4
fi=(4)
138 2
fi=(5)
308 2
fi=(4)
138 2
fi=(5)
308 1276
cfi=(6)
cfn=(188)
calls=106 790 
* 64691
* 636
+2 327
+25 756
fi=(4)
74 4
+1 7
+1 78
fi=(5)
551 39
+24 78
+2 39
cob=(3)
cfi=(77) /build/glibc-OTsEL5/glibc-2.27/time/../sysdeps/unix/sysv/linux/x86/gettimeofday.c
cfn=(274) gettimeofday
calls=1 42 
* 77
cob=(3)
cfi=(58) /build/glibc-OTsEL5/glibc-2.27/string/../sysdeps/x86_64/multiarch/ifunc-strcasecmp.h
cfn=(270) strncasecmp_l
calls=1 32 
* 6
cob=(3)
cfi=(60) /build/glibc-OTsEL5/glibc-2.27/string/../sysdeps/x86_64/multiarch/ifunc-avx2.h
cfn=(268) strchrnul
calls=1 32 
* 8
cob=(3)
cfi=(57) /build/glibc-OTsEL5/glibc-2.27/string/../sysdeps/x86_64/multiarch/ifunc-unaligned-ssse3.h
cfn=(266) stpcpy
calls=1 33 
* 9
cob=(3)
cfi=(57)
cfn=(264) stpncpy
calls=1 33 
* 9
cob=(3)
cfi=(70) /build/glibc-OTsEL5/glibc-2.27/string/../sysdeps/x86_64/multiarch/ifunc-sse4_2.h
cfn=(262) strspn
calls=1 30 
* 6
cob=(3)
cfi=(64) /build/glibc-OTsEL5/glibc-2.27/wcsmbs/../sysdeps/x86_64/multiarch/ifunc-avx2.h
cfn=(260) wcslen
calls=1 32 
* 8
cob=(3)
cfi=(60)
cfn=(258) memchr
calls=1 32 
* 8
cob=(3)
cfi=(58)
cfn=(254) strcasecmp_l
calls=1 32 
* 6
cob=(3)
cfi=(60)
cfn=(252) memrchr
calls=1 32 
* 8
cob=(3)
cfi=(60)
cfn=(250) strlen
calls=1 32 
* 8
cob=(3)
cfi=(74) /build/glibc-OTsEL5/glibc-2.27/string/../sysdeps/x86_64/multiarch/strchr.c
cfn=(248) index
calls=1 40 
* 8
cob=(3)
cfi=(70)
cfn=(246) strpbrk
calls=1 30 
* 6
cob=(3)
cfi=(73) /build/glibc-OTsEL5/glibc-2.27/wcsmbs/../sysdeps/x86_64/multiarch/ifunc-wmemset.h
cfn=(244) wmemset
calls=2 32 
* 26
cob=(3)
cfi=(72) /build/glibc-OTsEL5/glibc-2.27/wcsmbs/../sysdeps/x86_64/multiarch/wcsnlen.c
cfn=(242) wcsnlen
calls=1 40 
* 7
cob=(3)
cfi=(56) /build/glibc-OTsEL5/glibc-2.27/string/../sysdeps/x86_64/multiarch/ifunc-memmove.h
cfn=(240) memcpy@@GLIBC_2.14
calls=1 44 
* 16
cob=(3)
cfi=(57)
cfn=(238) strcpy
calls=1 33 
* 9
cob=(3)
cfi=(58)
cfn=(234) strncasecmp
calls=1 32 
* 6
cob=(3)
cfi=(70)
cfn=(232) strcspn
calls=1 30 
* 6
cob=(3)
cfi=(60)
cfn=(230) strnlen
calls=2 32 
* 16
cob=(3)
cfi=(64)
cfn=(228) wcschr
calls=2 32 
* 16
cob=(3)
cfi=(69) /build/glibc-OTsEL5/glibc-2.27/string/../sysdeps/x86_64/multiarch/ifunc-memset.h
cfn=(226) memset
calls=1 42 
* 18
cob=(3)
cfi=(68) /build/glibc-OTsEL5/glibc-2.27/string/../sysdeps/x86_64/multiarch/strcmp.c
cfn=(224) strcmp
calls=1 38 
* 9
cob=(3)
cfi=(67) /build/glibc-OTsEL5/glibc-2.27/string/../sysdeps/x86_64/multiarch/strncmp.c
cfn=(222) strncmp
calls=1 38 
* 8
cob=(3)
cfi=(65) /build/glibc-OTsEL5/glibc-2.27/string/../sysdeps/x86_64/multiarch/ifunc-memcmp.h
cfn=(218) bcmp
calls=1 33 
* 13
cob=(3)
cfi=(56)
cfn=(216) mempcpy
calls=1 44 
* 16
cob=(3)
cfi=(64)
cfn=(214) wmemchr
calls=2 32 
* 16
cob=(3)
cfi=(60)
cfn=(212) rawmemchr
calls=1 32 
* 8
cob=(3)
cfi=(61) /build/glibc-OTsEL5/glibc-2.27/time/../sysdeps/unix/sysv/linux/x86/time.c
cfn=(206) time
calls=1 43 
* 77
cob=(3)
cfi=(60)
cfn=(204) rindex
calls=1 32 
* 8
cob=(3)
cfi=(57)
cfn=(202) strcat
calls=1 33 
* 9
cob=(3)
cfi=(58)
cfn=(198) strcasecmp
calls=1 32 
* 6
cob=(3)
cfi=(57)
cfn=(196) strncpy
calls=1 33 
* 9
cob=(3)
cfi=(56)
cfn=(194) memmove
calls=2 44 
* 32
-26 39
+27 39
fi=(4)
75 121
fe=(54)
258 2
fi=(4)
75 14
fe=(54)
258 14
+3 16
+24 4
+3 8
+17 12
+8 20
+3 4
-3 4
+3 4
+4 8
+1 12
cfi=(44)
cfn=(136)
calls=4 78 
* 20
* 8
-14 32
fi=(5)
131 6
458 428
fi=(4)
124 378
+19 15
fi=(5)
430 51
+4 68
+5 17
+9 17
-9 34
+9 34
+49 6
+4 12
cfi=(20)
cfn=(48)
calls=2 129 
* 20
+2 6
+1 2
308 34
+5 17
-3 34
+3 156
-3 210
+3 315
+3 10
+3 4
+1 6
+1 4
+4 2
+7 2
cob=(3)
cfi=(61)
cfn=(206)
calls=1 43 
* 77
cob=(3)
cfi=(60)
cfn=(250)
calls=1 32 
* 8
* 6
-24 90
fi=(4)
61 4
-10 2
-1 4
fi=(5)
551 16
+4 16
+2 24
+1 8
fi=(4)
61 141
+2 188
+2 119
+46 9
fi=(5)
541 1243
fi=(4)
111 1243
fi=(5)
541 1243
fi=(4)
111 1243
fi=(5)
541 1243
fi=(4)
111 1243
fi=(5)
535 1243
fi=(4)
112 2486
fi=(5)
535 2486
+5 2486
fi=(4)
50 1
160 1
51 1
160 4
+2 20
+9 10
-1 5
+1 5
-1 10
fi=(5)
276 5
fi=(4)
170 15
fi=(5)
276 5
+21 10
+4 10
+7 20
fi=(55)
102 15
fi=(5)
308 170
cfi=(6)
cfn=(188)
calls=5 790 
* 2413
* 35
+2 15
+25 30
fe=(54)
-77 10
fi=(5)
82 4
+4 6
+14 2
-8 2
+8 4
+20 4
+4 8
-2 4
458 20
fi=(4)
160 17
+14 2
fi=(5)
313 1
-3 2
+3 3
-5 87
fe=(54)
180 3
fi=(5)
308 6
fe=(54)

fl=(48)
fn=(148)
60 4
+7 2
-4 6
+1 2
-1 2
+1 2
-1 10
cfi=(24)
cfn=(114)
calls=2 2080 
* 5806
* 2
+5 4

fn=(146)
159 1
-1 1
+1 1
-1 5
+1 1
-1 2
+1 1
-1 2
+1 1
-1 1
+1 1
-8 1
+8 2
-8 1
-6 1
+14 1
-8 1
+24 1
-32 1
+1 1
+1 1
+6 1
+24 2
-28 2
-2 1
+31 1
-33 3
+2 2
-1 1
+1 2
+6 3
+24 1
-24 1
+24 7
+4 1
+19 1
+2 2
-14 1
-1 1
+13 5
+11 1
+4 4
-4 3
+4 12
+12 12
+2 2
+8 2
-8 2
+6 2
-6 2
+6 2
+1 2
+4 2
-3 2
-3 2
+2 2
+4 8
+66 2
-98 2
+98 2
-66 4
+7 10
cfi=(29)
cfn=(84)
calls=2 24 
* 70
* 4
+4 6
-2 2
+2 2
cfi=(34)
cfn=(108)
calls=2 -74 
* 5942
* 2
+1 4
+9 2
+2 4
+5 2
+6 2
+2 2
-8 4
+3 2
+1 2
+1 2
+1 2
+4 10
+4 4
+1 3
-43 204
+1 102
+44 147
434 4
+2 6
+3 4
-1 2
cfi=(19)
cfn=(46)
calls=2 50 
* 36
* 2
+2 2
-2 2
+2 2
+3 2
+1 8
-1 2
+1 2
cfi=(20)
cfn=(48)
calls=2 129 
* 20
+1 10
cfi=(20)
cfn=(48)
calls=2 129 
* 20
+4 2
-1 2
+5 28
+7 6
+4 4
+11 3
-1 1
cfi=(19)
cfn=(46)
calls=1 50 
* 18
* 1
+3 1
-3 1
+3 4
+5 1
+1 1
-1 1
+3 2
-3 4
+9 2
+4 3
-10 3
-3 3
+9 6
+4 9
-10 9
+13 2
+51 2
+2 1
-1 1
+1 2
+35 7
cfi=(20)
cfn=(48)
calls=1 129 
* 10
+4 5
cfi=(52)
cfn=(164)
calls=1 28 
* 232
+3 1
+3 1
-1 1
+2 4
+7 3
+3 2
+3 8
225 8
-19 2
434 5
+27 2
214 25
+2 2
+2 8
+2 26
456 9
-1 4
+1 10
199 3
573 6

fl=(28)
fn=(76)
109 65
+2 13
+1 13
+1 6
+1 6
+2 4
+1 4
+2 4
+55 2
+1 2
+10 2
+1 2
+1 2
+1 2
+1 2
+1 2
+1 2
+1 2
+1 2
+1 2
+1 2
+1 2
+1 2
+1 2
+2 31
+1 31
+1 31
+1 31
+1 31
+1 31
+1 31
+1 2
+15 7
+1 7
+1 7
+1 6
+1 6
+1 2
+1 2
+24 1
+1 1
+2 1
+3 4
+1 4
+2 4
+3 2
+1 2
+2 2

fl=(42)
fn=(132)
44 14
+3 7
-6 84
+6 7
+5 70
+2 49
-7 12

fl=(8)
fn=(24)
34 2
+4 4
+3 3
+4 1
-4 1
+4 1
-4 1
+3 1
+1 2
+1 4
+1 4
+1 3
+1 2
+7 2
+1 7
+7 3
+4 2
+2 4
+40 2
+4 4
+1 2
+3 1
+7 1
-8 1
+4 1
+2 1
-2 1
+4 2
+3 2
+50 3
74 2
+3 3
+3 1
-3 1
+3 1
+2 3
+2 2
+7 3
-5 3

fl=(35)
fn=(110)
26 3
+9 3
+1 6
+1 3
+4 3
+1 3
+1 3
+1 3
+1 3
+2 6
+2 3
+1 3
+1 3
+2 6
+2 3
+4 3
+1 3

fl=(12)
fn=(22)
31 7
+8 1
-6 2
+7 1

ob=(2)
fl=(18)
fn=(358) 0x0000000004c4d2c0
0 5
cob=(3)
cfi=(95) /build/glibc-OTsEL5/glibc-2.27/malloc/malloc.c
cfn=(360) malloc
calls=5 3028 
0 64294

fn=(88)
0 1
cob=(1)
cfi=(19)
cfn=(90)
calls=1 111 
0 4

fn=(652) 0x0000000000108b60
0 1
cob=(3)
cfi=(160) /build/glibc-OTsEL5/glibc-2.27/stdlib/cxa_finalize.c
cfn=(654) __cxa_finalize
calls=1 30 
0 74

fn=(546) 0x0000000004c4d2c8
0 4
cob=(3)
cfi=(95)
cfn=(548) free
calls=4 3086 
0 527

fn=(666)
0 3

fn=(336) 0x00000000001089e8
0 6

fn=(292)
0 6

fn=(674) 0x0000000004a2a560
0 1
cob=(3)
cfi=(160)
cfn=(654)
calls=1 30 
0 74

fn=(684)
0 3

ob=(3)
fl=(113) /build/glibc-OTsEL5/glibc-2.27/io/../sysdeps/unix/sysv/linux/read.c
fn=(444) read
27 1656
+1 207

fl=(123) /build/glibc-OTsEL5/glibc-2.27/stdlib/strtod.c
fn=(498) strtod
83 137744
cfi=(124) /build/glibc-OTsEL5/glibc-2.27/stdlib/strtod_l.c
cfn=(500) ____strtod_l_internal
calls=34436 507 
* 36137355

fl=(97) /build/glibc-OTsEL5/glibc-2.27/malloc/arena.c
fn=(364) ptmalloc_init.part.0
289 2
+5 1
-5 3
+13 2
+6 1
fi=(95)
1816 2
fe=(97)
308 12
fi=(95)
1816 13
+1 1
-1 3
+1 11
-1 390
+1 30
-1 90
+1 331
fe=(97)
313 1
fi=(95)
1825 1
fe=(97)
313 4
fi=(95)
1817 7
+11 1
-11 4
+9 1
fe=(97)
313 1
fi=(95)
1828 1
fe=(97)
313 1
cob=(1)
cfi=(99)
cfn=(374)
calls=1 71 
* 1027
* 5
+1 4
cob=(1)
cfi=(9)
cfn=(26)
calls=1 +59 
* 18
* 1
+1 4
cob=(1)
cfi=(9)
cfn=(26)
calls=1 +58 
* 19
* 1
+1 4
cob=(1)
cfi=(9)
cfn=(26)
calls=1 +57 
* 18
* 1
+1 4
cob=(1)
cfi=(9)
cfn=(26)
calls=1 +56 
* 18
* 1
+1 4
cob=(1)
cfi=(9)
cfn=(26)
calls=1 +55 
* 19
* 1
+1 4
cob=(1)
cfi=(9)
cfn=(26)
calls=1 +54 
* 18
* 1
+1 4
cob=(1)
cfi=(9)
cfn=(26)
calls=1 +53 
* 18
* 1
+2 4
cob=(1)
cfi=(9)
cfn=(26)
calls=1 +51 
* 18
* 1
+1 4
cob=(1)
cfi=(9)
cfn=(26)
calls=1 +50 
* 18
* 1
+1 4
cob=(1)
cfi=(9)
cfn=(26)
calls=1 +49 
* 18
* 1
+71 2
+1 2
+4 2
-1 1
+1 4
-97 5
cfi=(98) /build/glibc-OTsEL5/glibc-2.27/elf/dl-addr.c
cfn=(366) _dl_addr
calls=1 126 
* 60426
* 2
+1 4

fl=(117) /build/glibc-OTsEL5/glibc-2.27/string/../sysdeps/x86_64/multiarch/strlen-avx2.S
fn=(458) __strlen_avx2
52 148121
+1 148121
+1 148121
+3 148121
+1 148121
+1 148121
+3 146314
+1 146314
+1 146314
+8 146314
+4 77423
+1 77423
+1 77423
+9 77423
+4 1807
+1 1807
+1 1807
+1 1807
+2 1807
+1 1807
+1 1807
+1 1807
+6 1807
+1 1807
+1 1807
+4 1807
+1 1807
+26 77423
+1 77423
+1 77423
+1 77423
+2 77422
+1 77422
+1 77422
+1 77422
+2 4
+1 4
+1 4
+1 4
332 68892
+1 68892
+1 68892
+4 68892
+1 68892
+4 77418
+1 77418
+1 77418
+1 77418
+4 77418
+1 77418
+4 4
+1 4
+1 4
+1 4
+4 4
+1 4

fl=(144) /build/glibc-OTsEL5/glibc-2.27/stdio-common/printf_fp.c
fn=(594) __printf_fp
1272 34436
-1 34436
+1 137744
cfn=(596) __printf_fp_l
calls=34436 213 
* 84182295

fn=(608) hack_digit
167 615357
+3 625871
+2 1208550
+8 398592
+4 1195776
cfi=(150) /build/glibc-OTsEL5/glibc-2.27/stdlib/divrem.c
cfn=(610) __mpn_divrem
calls=199296 46 
* 7740507
+2 797184
+3 199296
-2 199296
+3 199296
-1 199296
+1 996492
+1 8
-1 4
+6 4
+11 20
-6 597876
cfi=(126) /build/glibc-OTsEL5/glibc-2.27/stdlib/../sysdeps/x86_64/mul_1.S
cfn=(508) __mpn_mul_1
calls=199292 32 
* 3985840
+1 398584
+1 862560
+4 996460
-33 2129
+1 6387
-1 2129
+1 2129
cfi=(126)
cfn=(508)
calls=2129 32 
* 49516
* 2129
+32 12774
-37 31542
+37 18470

fn=(596)
213 482104
+50 34436
-50 68872
+41 34436
+16 68872
-7 34436
+10 34436
-10 103308
+10 34436
-10 34436
+10 34436
fi=(145) /build/glibc-OTsEL5/glibc-2.27/stdio-common/../include/../locale/localeinfo.h
+36 34436
fe=(144)
-15 34436
fi=(145)
+15 68872
fe=(144)
-33 68872
+18 34436
+8 34436
-71 34436
-1 34436
383 103308
+5 68872
+40 34436
+13 34436
-13 206616
+1 34436
+1 68872
+3 137744
+1 68872
+1 68872
-2 34436
+1 34436
-1 34436
+2 34436
+7 34436
-8 34436
+1 34436
+7 34436
+17 202384
+16 57824
-19 57824
-1 57824
-10 28912
+92 86736
-48 89151
+42 29717
-1 29717
+1 29717
-1 29717
+1 59434
cfi=(115) /build/glibc-OTsEL5/glibc-2.27/string/../sysdeps/x86_64/multiarch/memmove-vec-unaligned-erms.S
cfn=(452) __memcpy_avx_unaligned_erms
calls=29717 217 
* 297170
* 29717
* 29717
+16 282427
+9 32539
+2 65078
-2 292560
+2 932064
-78 346944
+4 1734720
-4 28912
+4 144560
+2 249888
+51 53579
+2 53579
-2 214316
cfi=(125) /build/glibc-OTsEL5/glibc-2.27/stdlib/mul.c
cfn=(506) __mpn_mul
calls=53579 48 
* 3911267
+4 107158
+2 107158
392 585412
cfi=(146) /build/glibc-OTsEL5/glibc-2.27/stdlib/../sysdeps/ieee754/dbl-64/dbl2mpn.c
cfn=(600) __mpn_extract_double
calls=34436 37 
* 688720
* 206616
1265 413232
547 249888
cfi=(132) /build/glibc-OTsEL5/glibc-2.27/stdlib/cmp.c
cfn=(522) __mpn_cmp
calls=83296 35 
* 916424
* 217349
+3 253785
cfi=(115)
cfn=(452)
calls=50757 217 
* 507570
* 50757
+1 152271
+1 152271
+1 50757
+3 50757
-5 50757
+1 50757
+1 152271
+5 101514
+1 28912
+6 28912
-6 28912
+6 28912
+4 202281
+4 2
+2 1
-2 1
+2 1
+17 1
-1 2
+1 2
+3 6
+9 115582
+16 57790
+2 28895
-2 28895
cfi=(147) /build/glibc-OTsEL5/glibc-2.27/stdlib/../sysdeps/x86_64/rshift.S
cfn=(602) __mpn_rshift
calls=28895 29 
* 491215
+3 86685
-1 57790
+1 86685
cfi=(147)
cfn=(602)
calls=28895 29 
* 491215
+2 179890
+14 6520
827 6520
+10 6520
-10 3260
+10 13040
+2 3260
-2 3260
+2 3260
639 51272
827 51272
+10 51272
-10 25636
+10 102544
+2 25636
-2 25636
+2 25636
-12 11080
+10 11080
-10 5540
+10 22160
+2 5540
-2 5540
+2 5540
+10 68872
+48 34436
-61 34436
+61 68872
+14 137744
+1 34436
-1 68872
+7 34436
fi=(149) /build/glibc-OTsEL5/glibc-2.27/stdio-common/../sysdeps/pthread/allocalim.h
27 68872
cfi=(148) /build/glibc-OTsEL5/glibc-2.27/nptl/alloca_cutoff.c
cfn=(604) __libc_alloca_cutoff
calls=34436 +1 
* 344360
+2 68872
fe=(144)
928 241052
+4 34436
-3 34436
+3 79386
+3 291790
+3 87537
cfn=(608)
calls=29179 167 
* 3087913
* 424512
cfn=(608)
calls=141504 167 
* 15016705
* 170683
-3 428903
+7 175074
+2 58358
-4 29179
+4 58358
+13 29179
-1 87537
+2 116716
-14 5257
+13 5257
-1 15771
+2 325412
+1 68872
170 76096
961 76096
170 187652
+2 299270
+8 115584
+4 346752
cfi=(150)
cfn=(610)
calls=57792 46 
* 2241534
+2 231168
+3 57792
-2 57792
+3 57792
-1 57792
+1 404550
+1 4
-1 2
+6 4
962 2
+1 2
+2 4
-3 76094
+1 76094
+2 304380
201 231160
cfi=(126)
cfn=(508)
calls=57790 32 
* 1155800
+1 173370
+1 301638
-29 2062
+1 6186
-1 4124
+1 2062
cfi=(126)
cfn=(508)
calls=2062 32 
* 42560
* 12372
974 103308
+1 68872
cfn=(608)
calls=34436 167 
* 3239456
+2 206616
+2 29442
+3 18062
-4 8989
fi=(151) /build/glibc-OTsEL5/glibc-2.27/stdio-common/../sysdeps/generic/get-rounding-mode.h
94 8989
+1 35956
-1 25447
+1 136224
fe=(144)
1093 57426
+7 38284
+3 103308
+13 103308
+46 208062
+1 16495
+1 98970
+2 16495
-2 32990
+2 16495
-2 107646
+2 17941
-2 35882
+2 224557
170 125598
+87 34436
1169 68872
+1 49485
645 11048
821 1068
cfi=(127) /build/glibc-OTsEL5/glibc-2.27/stdlib/../sysdeps/x86_64/lshift.S
cfn=(510) __mpn_lshift
calls=267 29 
* 4005
+1 1335
+1 534
1171 71764
544 160737
852 34436
-1 34436
+1 99696
+3 103308
+2 58358
-3 29179
-1 29179
+4 29179
+2 58358
-7 29179
+5 29179
-5 58358
fi=(151)
95 68872
fi=(152) /build/glibc-OTsEL5/glibc-2.27/stdio-common/../include/rounding-mode.h
-43 99738
+6 15800
fe=(144)
999 61732
+5 15433
-1 15433
+1 30866
+2 1631
-2 3262
+3 1631
-3 37112
+5 45882
+4 30588
+11 30866
+69 45882
661 21028
cfi=(127)
cfn=(510)
calls=5257 29 
* 78855
+1 5257
-4 5257
+8 5257
-18 5257
+14 21028
+4 5257
+48 5257
-49 5257
+49 5257
-48 15771
+23 27912
+1 18608
+3 18608
+1 18608
+1 9304
-2 9304
+2 9304
-2 18608
+2 9304
-2 9304
+2 18608
+7 37216
+22 25974
+61 61492
-2 61492
+2 237116
671 61492
+2 122984
+7 18608
+1 27912
+1 9304
-2 27912
+6 37216
cfi=(125)
cfn=(506)
calls=9304 48 
* 688747
* 9304
+5 27912
+42 17874
-1 8937
+1 8937
+5 8937
-5 8937
+5 17874
-6 8937
+6 8937
+3 27099
+1 72
+7 72
+14 72
+13 24
-1 72
cfi=(147)
cfn=(602)
calls=24 29 
* 504
* 5461
cfi=(147)
cfn=(602)
calls=5461 29 
* 97649
+3 27425
-74 1292
+4 1292
-2 646
+2 2584
+17 1292
+2 366
+1 9
+59 8852
+4 16225
cfi=(126)
cfn=(508)
calls=3245 32 
* 117686
+1 3245
+3 6490
+1 3245
-4 3245
+3 3245
+1 12980
+3 450
-1 450
+1 900
-1 450
cfi=(127)
cfn=(510)
calls=450 29 
* 8550
+2 900
+1 2250
+4 450
+1 450
-1 450
+4 1350
-4 2795
+1 2795
-1 2795
+4 14421
1173 35882
-3 82475
+4 32990
+2 172180
+9 34436
+7 34436
-7 68872
+7 68872
+5 68872
cfi=(117)
cfn=(458)
calls=34436 52 
* 516540
* 34436
+2 34436
-2 34436
+2 68872
+5 34436
+2 34436
-2 68872
+2 34436
-2 34436
+2 34436
+11 206616
+7 344360
+3 504072
+3 504072
-6 859416
+1 859416
+1 137744
cfi=(115)
cfn=(588) __mempcpy_avx_unaligned_erms
calls=34436 204 
* 585412
* 34436
* 34436
+2 103308
+6 103308
+17 172180
470 28912
-2 28912
+2 28912
-3 28912
+3 57824
-3 28912
+3 57824
-3 57824
cfi=(127)
cfn=(510)
calls=28912 29 
* 433680
+4 260208
+1 28912
-1 28912
+1 28912
+1 144560
1251 3357808
cfi=(105) /build/glibc-OTsEL5/glibc-2.27/libio/genops.c
cfn=(560) __overflow
calls=286472 217 
* 14323600
* 572944
987 4020
-1 4020
+1 16578
1167 1806
852 3612
-87 16383
1174 32990
-4 49485
cfi=(105)
cfn=(560)
calls=16495 217 
* 824750
* 49485
+84 103308
+7 103308
1027 278
+3 887
+1 16
-1 32
-51 1566
+3 2349
-30 5257
-2 5257
+2 5257
-1 5257
831 5257
952 10653
+57 695
+5 834
+21 417
614 3
+18 1
+1 1
-1 1
+1 1
-1 3
cfi=(147)
cfn=(602)
calls=1 29 
* 17
+4 3
-1 1
+1 3
cfi=(147)
cfn=(602)
calls=1 29 
* 17
+3 1
+1 68877
864 10514
-10 5257
-1 5257
+10 5257
+1 5257
-12 15771
+83 34436
1200 69011
1024 417
804 5590
cfi=(147)
cfn=(602)
calls=2795 29 
* 55427
* 2795
-62 26739
+7 26739
+3 34209
+7 3452
-1 3452
cfi=(127)
cfn=(510)
calls=3452 29 
* 65588
+2 6904
+1 3452
-1 3452
+1 10356
573 57790
+2 28895
-2 28895
+2 57790
+26 173370

fl=(91) /build/glibc-OTsEL5/glibc-2.27/setjmp/../sysdeps/x86_64/bsd-_setjmp.S
fn=(346) _setjmp
30 1
+2 1
cfi=(92) /build/glibc-OTsEL5/glibc-2.27/setjmp/../sysdeps/x86_64/setjmp.S
cfn=(348) __sigsetjmp
calls=1 -6 
* 27

fl=(86)
fn=(316)
488 7
+14 6
758 2
+2 1
+1 1
+2 1
-3 1
+5 1
-5 1
+4 3
+4 2
+3 2
+2 1
+1 1
+2 1
-3 1
+5 1
-5 1
+4 3
+9 1
+2 8
-2 1
+3 8
500 1
+4 1
-4 1
+4 1
cfn=(318) handle_intel.constprop.1
calls=1 259 
* 469
+2 1
-2 1
+2 1
cfn=(318)
calls=1 259 
* 515
+5 1
-5 1
+5 1
cfn=(318)
calls=1 259 
* 542
+8 1
-8 1
+8 1
+11 1
-20 1
+25 3
+4 2
+8 6
+3 2
+9 6
+14 2
+4 1
+3 1
+1 1
-4 1
+3 1
-3 1
+3 1
+6 8
-39 3
+3 9
+6 6
-6 3
+6 2
+3 20
+5 2
+4 1
+1 1
-1 3
691 4
+1 5
+4 2
+59 2
592 2
+8 1
+2 1
-2 6
+2 4
-2 1
+4 1
+23 2
-25 2
+2 6
+2 6
+3 2
+1 8
+2 4
+3 2
+5 1
+2 2
+1 1
-1 1
+2 1
-2 1
+1 2
+27 2
+1 1
+1 2
+2 1
-1 1
+1 1
-24 3
+4 2
+3 1
+2 4
+1 1
+5 2

fn=(320) intel_check_word.isra.0
132 12
+6 6
-10 18
+10 6
-10 6
+10 6
-10 6
+10 12
-10 6
+10 6
+2 6
-2 6
+2 18
250 12
140 24
+2 15
+2 30
+8 30
+51 24
+22 12
fi=(87) /build/glibc-OTsEL5/glibc-2.27/string/../bits/stdlib-bsearch.h
28 12
-1 24
+4 24
+1 12
fe=(86)
+87 24
fi=(87)
-88 138
+1 69
fe=(86)
+87 138
+3 81
fi=(87)
-93 252
+8 15
-8 36
fe=(86)
134 3
255 36
-91 9
+3 9
-6 13
+3 4
+9 4
+5 14
+1 10
+17 5
-32 15
+3 15
+4 14
+2 28
+2 14
+2 8
+4 3
+2 6
+2 3
+2 3
-2 3
+2 6
-2 3
+3 9
-2 12
+2 6
-24 2
+7 2
+2 4

fn=(318)
259 21
+2 3
-2 9
+5 9
+8 3
+1 3
-3 3
+5 12
+6 6
+5 3
-5 9
+5 3
+2 3
+1 3
-1 3
+5 18
cfn=(320)
calls=3 132 
* 1035
+2 6
+3 21
cfn=(320)
calls=3 132 
* 314
+2 6
+19 33

fl=(96) /build/glibc-OTsEL5/glibc-2.27/malloc/hooks.c
fn=(362) malloc_hook_ini
29 5
fi=(97)
291 1
fe=(96)
30 1
fi=(97)
291 1
fe=(96)
30 1
fi=(97)
291 1
fi=(95)
3039 7
+3 1
-2 2
+2 3
+13 4
+2 3
cfn=(392) _int_malloc
calls=1 3521 
* 161
+1 1
-1 1
+1 6
-19 4
-56 5
cfn=(390) tcache_init.part.4
calls=1 +3 
* 496
+62 3
+2 5
+1 3
fe=(96)
33 6
cfi=(97)
cfn=(364)
calls=1 289 
* 62626
* 1
fi=(95)
3034 2
fe=(96)

fl=(102) /build/glibc-OTsEL5/glibc-2.27/malloc/morecore.c
fn=(396) __default_morecore
46 22
+1 22
cfi=(103) /build/glibc-OTsEL5/glibc-2.27/misc/sbrk.c
cfn=(398) sbrk
calls=22 -15 
* 830
+2 66
+3 44

fl=(155) /build/glibc-OTsEL5/glibc-2.27/libio/ioputs.c
fn=(630) puts
33 6
+2 1
cfi=(117)
cfn=(458)
calls=1 +17 
* 19
* 1
+1 1
-1 1
+1 17
+3 3
+1 1
fi=(116) /build/glibc-OTsEL5/glibc-2.27/libio/libioP.h
870 3
+2 2
+1 2
fe=(155)
40 3
cfi=(106) /build/glibc-OTsEL5/glibc-2.27/libio/fileops.c
cfn=(584) _IO_file_xsputn@@GLIBC_2.2.5
calls=1 1220 
* 225
* 2
+1 4
+1 4
fi=(116)
796 2
+1 8
fe=(155)
46 7
-8 2
+3 2
cfi=(105)
cfn=(560)
calls=1 217 
* 163
* 2

fl=(106)
fn=(406) _IO_new_file_init_internal
107 4
+4 2
-4 4
+5 2
-1 2
+3 2
cfi=(105)
cfn=(408) _IO_link_in
calls=2 -27 
* 172
+1 2
+1 8

fn=(428) _IO_file_underflow@@GLIBC_2.2.5
478 621
+6 621
-14 1035
+17 1242
+13 414
+20 414
cfi=(105)
cfn=(440) _IO_switch_to_get_mode
calls=207 164 
* 4968
+11 207
-5 207
fi=(116)
872 207
fe=(106)
526 414
fi=(116)
872 207
fe=(106)
527 207
+2 207
fi=(116)
873 207
fe=(106)
528 414
fi=(116)
873 207
fe=(106)
531 828
cfn=(442) _IO_file_read
calls=207 1153 
* 2898
+2 414
+16 206
-9 206
+9 412
+2 206
+1 412
-1 206
+1 825
-16 4
+10 1
-10 1
+10 2
+6 6
-62 6
+5 4
cfi=(105)
cfn=(430) _IO_doallocbuf
calls=2 362 
* 777
* 4

fn=(442)
1153 414
+3 621
cfi=(113)
cfn=(444)
calls=207 27 
* 1863

fn=(410) _IO_file_fopen@@GLIBC_2.2.5
214 20
+9 4
+2 8
364 20
248 28
+33 2
-96 2
+1 4
-1 2
+4 2
cfi=(107) /build/glibc-OTsEL5/glibc-2.27/io/../sysdeps/unix/sysv/linux/open64.c
cfn=(412) open
calls=2 36 
* 56
* 2
+1 4
+3 2
-1 2
+1 4
+3 4
-3 2
+3 2
+10 4
cfi=(105)
cfn=(408)
calls=2 87 
* 32
+81 6
cfi=(108) /build/glibc-OTsEL5/glibc-2.27/string/../string/strstr.c
cfn=(414) __GI_strstr
calls=2 53 
* 50
+1 2
-1 2
+1 2
-59 2
-1 2
-13 4
+73 4

fn=(434) _IO_file_stat
1169 3
+1 9
cfi=(112) /build/glibc-OTsEL5/glibc-2.27/io/../sysdeps/unix/sysv/linux/wordsize-64/fxstat.c
cfn=(436) _fxstat
calls=3 34 
* 30

fn=(542) _IO_file_close
1190 4
cfi=(136) /build/glibc-OTsEL5/glibc-2.27/io/../sysdeps/unix/sysv/linux/close.c
cfn=(544) __close_nocancel
calls=2 37 
* 10

fn=(562) _IO_file_overflow@@GLIBC_2.2.5
747 1120968
+7 373656
-8 2241936
+8 1494621
+35 747310
+3 605944
+3 908916
+1 908916
+1 1514860
+5 1211888
-45 2
+12 2
+9 4
+8 1
-4 1
+3 2
-2 2
-3 1
+1 2
+5 1
-1 1
+1 3
+3 1
-2 1
+2 1
+1 70684
+1 70684
+11 212052
-12 70684
cfn=(564) _IO_do_write@@GLIBC_2.2.5
calls=70684 433 
* 7492504
+9 10
-1 5
+1 5
-1 5
cfn=(564)
calls=5 433 
* 530
* 10
-39 2
cfi=(105)
cfn=(430)
calls=1 362 
* 453
+1 6

fn=(698) _IO_file_sync@@GLIBC_2.2.5
807 4
+5 4
+2 1
+1 2
+15 2
+4 4

fn=(552) _IO_file_finish@@GLIBC_2.2.5
169 8
+1 4
+7 2
-1 4
+1 4
-1 2
cfi=(105)
cfn=(554) _IO_default_finish
calls=2 628 
* 50

fn=(568) _IO_file_write@@GLIBC_2.2.5
1196 424134
+2 424134
+5 70689
cfi=(138) /build/glibc-OTsEL5/glibc-2.27/io/../sysdeps/unix/sysv/linux/write.c
cfn=(570) write
calls=70689 27 
* 636201
+1 141378
+5 70689
+1 70689
-12 141378
+5 353445
+10 212067
+3 636201

fn=(694) _IO_file_setbuf@@GLIBC_2.2.5
389 2
+1 1
cfi=(105)
cfn=(696) _IO_default_setbuf
calls=1 +89 
* 68
* 2
+4 2
-1 2
+2 3
+2 1
+1 2

fn=(564)
433 212067
-2 1131024
+11 141378
+7 282756
fi=(116)
873 141378
fe=(106)
457 282756
cfn=(568)
calls=70689 1196 
* 3181005
* 70689
+1 353445
+6 70689
-4 70689
+4 70689
-4 212067
+1 141378
+3 70689
-2 70689
-29 282756
+1 565512
+29 141378

fn=(538) _IO_file_close_it@@GLIBC_2.2.5
129 6
+2 6
+4 2
+3 4
-3 2
-1 4
+6 2
+3 2
-3 2
cfi=(105)
cfn=(540) _IO_unsave_markers
calls=2 1019 
* 12
+3 6
fi=(116)
870 6
+2 4
+1 4
fe=(106)
143 4
cfn=(542)
calls=2 1190 
* 14
* 2
+3 6
+8 10
cfi=(105)
cfn=(438) _IO_setb
calls=2 347 
* 447
+1 4
+3 2
-3 2
+1 6
+2 2
cfi=(105)
cfn=(536) _IO_un_link
calls=2 53 
* 30
+5 2
-4 2
+1 2
+1 2
+2 2
+1 10

fn=(584)
1220 724928
+7 181232
-7 543696
+6 895321
+7 888095
+21 213870
+4 106935
+2 320805
-1 106935
+1 106935
-2 106935
cfi=(115)
cfn=(588)
calls=106935 204 
* 1617452
* 106935
-4 70684
+4 70684
+2 212052
-1 70684
+1 70684
-2 70684
cfi=(115)
cfn=(588)
calls=70684 204 
* 1203430
* 70684
* 177619
+4 355238
+18 213870
+10 1631088
-24 70684
fi=(116)
870 212052
+2 141368
+1 141368
fe=(106)
1266 212052
cfn=(562)
calls=70684 747 
* 9047552
* 141368
+6 141368
+1 494788
+2 141368
+11 212052
-51 355238
+1 355238
+3 532857
+2 3326302
-2 2135979
+4 70684
+11 353420

fl=(124)
fn=(512) round_and_return
215 481852
fi=(128) /build/glibc-OTsEL5/glibc-2.27/stdlib/../sysdeps/generic/get-rounding-mode.h
94 34418
+1 172090
fe=(124)
218 68836
+94 68836
+43 378598
fi=(128)
95 68836
+9 68836
fe=(124)
318 116092
fi=(129) /build/glibc-OTsEL5/glibc-2.27/stdlib/../include/rounding-mode.h
46 137672
fe=(124)
349 72504
+5 103254
cfi=(130) /build/glibc-OTsEL5/glibc-2.27/stdlib/../sysdeps/ieee754/dbl-64/mpn2dbl.c
cfn=(518) __mpn_construct_double
calls=34418 39 
* 481852
* 34418
-3 65168
+1 32584
fi=(129)
46 68836
+6 103254
fe=(124)
319 32962
fi=(131) /build/glibc-OTsEL5/glibc-2.27/stdlib/../stdlib/gmp.h
447 16481
fe=(124)
327 16481
fi=(131)
448 16481
fe=(124)
327 16481
+10 32962
fi=(129)
58 172090
fe=(124)
312 206508

fn=(504) str_to_mpn.isra.0
364 444878
+14 63554
-1 63554
-13 63554
+14 317770
-4 63554
-1 127108
+39 1687888
+3 65260
+7 65260
+3 65260
+1 32630
+2 32630
-3 32630
+3 32630
-3 778684
+1 389342
+2 389342
-3 389342
+3 389342
-47 716836
+49 190662
+7 190662
+2 190662
+2 63554
+1 63554
+15 571986

fn=(500)
507 172180
+72 34436
-72 241052
+53 34436
+20 34436
-18 34436
-55 34436
+55 34436
+32 137744
+1 68872
cfi=(117)
cfn=(458)
calls=34436 52 
* 516540
* 34436
+1 34436
-1 34436
+1 137744
+4 34436
+6 34436
+4 85456
-1 33168
+1 16584
-1 16584
+1 16584
-1 68872
+1 34436
-1 34436
+1 34436
+3 68872
+5 18389
-17 18389
+17 18389
+13 103308
+1 68872
+8 103308
+3 2
+2 2
+11 2
+28 2
+80 18
1769 378796
688 103305
+19 1788
513 1788
707 1788
-91 16047
-1 16047
+1 32094
+72 97941
+19 65294
513 32647
707 32647
513 65294
709 65294
-1 97941
+24 103305
-1 65294
+2 97941
+5 65294
+1 130554
-1 97890
+8 65260
+2 68836
+43 34418
-17 108621
+1 68836
+12 68836
+16 68836
+42 137672
+9 68836
+1 134096
-1 97890
+7 97890
+1 97890
+11 68836
+6 34418
+1 34418
-1 34418
+1 34418
+11 58370
+50 58370
778 3578
+22 3578
-26 3578
892 29185
+2 89343
1012 68836
+2 71736
+2 9714
-2 6476
+2 2307
-2 1538
+5 9714
-3 3238
+6 18992
+19 3576
+3 65260
764 85
1041 97890
881 137672
+4 32630
+1 65260
+3 6890
+5 10335
+5 6890
+36 10335
+2 197600
+30 195780
+30 65260
+3 130520
-2 65260
+2 65260
+2 195780
-35 130520
+26 3576
+54 68836
+33 68836
+92 34418
+2 192728
+2 30973
-1 30973
+1 61946
+3 123892
-3 3445
-1 3445
+1 6890
+3 13780
+12 68836
+3 68836
1356 17265
+18 6906
+3 24171
+13 3453
-13 3453
+3 3453
+10 13812
+5 20718
602 13812
1398 31077
+3 10359
-3 262224
+3 87408
+8 32589
+3 65178
-3 65178
-55 32589
+55 65178
-56 32589
+56 32589
+4 65178
-60 32589
-1 130356
+72 65178
-1 32589
+1 32589
cfi=(115)
cfn=(452)
calls=32589 217 
* 391056
* 32589
+15 114800
+1 114800
+2 229600
-26 369546
+3 69973
+2 349865
+8 224304
cfi=(125)
cfn=(506)
calls=37384 48 
* 2284252
+4 37384
+1 37384
-1 37384
+1 37384
+1 71406
+1 35703
-1 71406
751 51
-19 68
-25 5364
513 3576
796 228410
899 29185
-7 29185
+7 29185
+14 58370
+44 233480
-10 58370
+8 87555
+2 58370
759 102
cfi=(154) /build/glibc-OTsEL5/glibc-2.27/stdlib/grouping.c
cfn=(620) __correctly_grouped_prefixmb
calls=17 55 
* 340
+5 34
905 32589
1444 162945
+4 293301
cfn=(504)
calls=32589 364 
* 4181040
+17 97767
+2 65178
-2 32589
+2 96086
+17 30908
+2 30908
-2 30908
+2 30908
-2 1681
+2 1681
-2 1681
+2 5655
+68 1968
-3 1968
+1 3936
+2 1968
+2 612
+10 918
+68 17712
cfn=(512)
calls=1968 215 
* 176672
* 3649
1436 5043
1173 6890
+1 10335
1471 157055
cfi=(127)
cfn=(510)
calls=31411 29 
* 479189
+1 157055
cfi=(127)
cfn=(510)
calls=31411 29 
* 471165
+1 62822
+1 8405
1197 402545
cfn=(504)
calls=30965 364 
* 3301088
+6 30965
-6 30965
+6 185790
+44 30965
+1 61930
-1 61930
+1 30965
+4 30965
-4 30965
+4 30965
+6 61930
1645 19
+5 19
-4 38
-1 19
+5 95
cfi=(132)
cfn=(522)
calls=19 35 
* 209
* 57
+3 38
+2 19
+3 19
-3 57
+3 38
+41 342
+1 19
+1 57
cfi=(133) /build/glibc-OTsEL5/glibc-2.27/string/../sysdeps/x86_64/multiarch/memset-vec-unaligned-erms.S
cfn=(526) __memset_avx2_unaligned_erms
calls=19 158 
* 209
* 19
+14 38
-3 19
+1 38
+2 38
+38 19
+3 95
-3 190
+3 19
-3 38
+3 38
-39 19
+3 19
-3 38
+3 19
-3 19
+8 266
+1 114
+2 152
+15 228
cfi=(134) /build/glibc-OTsEL5/glibc-2.27/stdlib/../sysdeps/x86_64/addmul_1.S
cfn=(528) __mpn_submul_1
calls=38 35 
* 1900
+2 76
+6 38
+1 38
-1 38
+1 38
-1 38
+1 190
cfi=(115)
cfn=(452)
calls=38 217 
* 380
* 38
+4 38
-2 38
+2 342
+3 114
+4 19
-1 19
-1 19
+2 19
-2 19
+1 19
+1 19
-2 114
cfn=(512)
calls=19 215 
* 1615
* 38
-5 57
-41 133
+41 190
cfi=(127)
cfn=(510)
calls=19 29 
* 285
* 114
1493 30602
+1 30602
+1 153010
+4 30602
+38 61204
-38 61204
+38 61204
-38 2900
+38 217002
+6 30586
-2 30586
+1 30586
+1 30586
-2 61172
+1 30586
-1 152930
cfn=(512)
calls=30586 215 
* 2722168
+2 16
-2 16
+1 16
+1 16
-2 32
+1 16
-1 80
cfn=(512)
calls=16 215 
* 1488
* 30602
-4 19202
204 97890
867 1044160
+3 65260
-7 130520
+7 783120
-7 2120950
1537 152930
cfi=(127)
cfn=(510)
calls=30586 29 
* 458790
* 183516
1290 61930
+3 21948
+2 3658
+10 9145
cfi=(127)
cfn=(510)
calls=1829 29 
* 27435
+4 5487
+15 12803
cfn=(512)
calls=1829 215 
* 166439
* 1829
1445 69370
cfi=(115)
cfn=(452)
calls=13874 217 
* 164546
* 13874
* 27748
1587 1662
+22 3324
+22 1662
-22 1662
-14 3324
+14 612
+22 306
-22 306
-14 4122
+36 639
-18 18615
+1 11169
+4 11181
+3 6
+2 18
+2 6
+6 3723
-3 11169
+3 37810
cfi=(127)
cfn=(510)
calls=1733 29 
* 25995
* 31995
1329 203952
cfi=(115)
cfn=(452)
calls=29136 217 
* 349632
* 29136
+27 174816
+9 58272
+3 87408
+1 174816
1659 19
-16 38
-76 612
+15 306
-15 612
+75 114
+58 133
-1 38
+1 57
-1 57
1495 1450
+42 2900
911 1755
1631 3510
1748 19
+8 38

fl=(92)
fn=(348)
26 1
+9 1
+1 2
+1 1
+4 1
+1 1
+1 1
+1 1
+1 1
+2 2
+2 1
+1 1
+1 1
+2 2
+2 1
+8 1
cfi=(93) /build/glibc-OTsEL5/glibc-2.27/setjmp/sigjmp.c
cfn=(350) __sigjmp_save
calls=1 -34 
* 8

fl=(108)
fn=(414)
53 14
+10 8
+26 18
-23 10

fl=(107)
fn=(412)
36 2
+3 2
-3 6
+3 2
-3 2
+3 10
+8 22
+2 10

fl=(139) /build/glibc-OTsEL5/glibc-2.27/stdio-common/printf.c
fn=(576) printf
28 944276
+4 34436
+1 68872
-1 172180
+1 103308
cfi=(140) /build/glibc-OTsEL5/glibc-2.27/stdio-common/vfprintf.c
cfn=(578) vfprintf
calls=34436 1244 
* 107886075
-5 108747
+4 36249
+1 72498
-1 181245
+1 108747
cfi=(140)
cfn=(578)
calls=36249 1244 
* 31395010
+4 353425

fl=(61)
fn=(206)
43 4
fi=(62) /build/glibc-OTsEL5/glibc-2.27/time/../sysdeps/generic/dl-hash.h
+1 2
+1 2
fe=(61)
-2 8
fi=(62)
+5 6
+14 8
-17 6
+3 18
+14 24
-17 18
+22 2
fe=(61)
-24 12
cfi=(63) /build/glibc-OTsEL5/glibc-2.27/elf/../sysdeps/unix/sysv/linux/dl-vdso.c
cfn=(210) _dl_vdso_vsym
calls=2 -18 
* 34
* 10

fl=(65)
fn=(218)
33 5
-1 2
+2 2
+1 3
fi=(66) /build/glibc-OTsEL5/glibc-2.27/string/../sysdeps/x86_64/multiarch/memcmp.c
-6 1
fe=(65)

fl=(56)
fn=(240)
44 5
+4 2
-1 2
+12 2
+2 5

fn=(194)
44 10
+4 4
-1 4
+12 4
+2 10

fn=(216)
44 5
+4 2
-1 2
+12 2
+2 5

fl=(142) /build/glibc-OTsEL5/glibc-2.27/stdio-common/_itoa.c
fn=(590) _itoa_word
168 144988
+2 72494
+9 1587938
+9 72494

fl=(148)
fn=(604)
28 309924
+7 34436

fl=(112)
fn=(436)
34 3
-1 3
+1 3
+1 18
+4 3

fl=(136)
fn=(544)
37 8
+1 2

fl=(135) /build/glibc-OTsEL5/glibc-2.27/libio/iofclose.c
fn=(534) fclose@@GLIBC_2.2.5
34 6
+14 2
-14 2
+14 4
fi=(116)
796 4
+1 6
fe=(135)
57 2
fi=(116)
870 6
+2 4
+1 4
fe=(135)
57 6
cfi=(106)
cfn=(552)
calls=2 169 
* 74
+1 6
+13 4
+3 12
+3 4
cob=(2)
cfi=(18)
cfn=(546)
calls=2 -77 
* 142
+4 10
-32 2
cfi=(105)
cfn=(536)
calls=2 +4 
* 188
+2 38
+1 4
+1 4
cfi=(106)
cfn=(538)
calls=2 +76 
* 611
* 8
fi=(116)
797 12
fe=(135)

fl=(158) /build/glibc-OTsEL5/glibc-2.27/stdlib/cxa_thread_atexit_impl.c
fn=(642) __call_tls_dtors
145 3
+1 4
+18 4

fl=(132)
fn=(522)
35 166702
+2 83339
+1 83339
+1 166678
+8 416575

fl=(119) /build/glibc-OTsEL5/glibc-2.27/stdlib/../stdlib/strtol.c
fn=(470) strtol
106 137784
cfi=(120) /build/glibc-OTsEL5/glibc-2.27/stdlib/../stdlib/strtol_l.c
cfn=(472) ____strtol_l_internal
calls=34446 226 
* 5171118

fl=(72)
fn=(242)
40 1
-2 1
+2 2
-2 2
+11 1

fl=(126)
fn=(508)
32 364785
+3 364785
+1 364785
+1 364785
+1 364785
+1 364785
+2 364785
+1 364785
+2 364785
+1 364785
+1 364785
+1 364785
+1 300993
+2 297650
+1 297650
+1 297650
+1 297650
+19 3343
+1 3343
+1 3343
+1 3343
+1 3343
+1 3343
+2 63792
+1 63792
+1 63792
+1 63792
+1 63792
+1 63792
+1 63792
+1 63792
+1 63792
+17 3343
+1 3343
+1 3343
+1 3343
+1 3343
+1 3343
+1 3343
+1 3343
+1 3343
+1 3343
+1 3343
+1 3343
-2 63792
+1 63792
+1 63792
+2 67135
+1 67135
+1 67135
+1 67135
+1 67135
+1 67135
+2 67135
+3 67135
-5 297650
+2 297650
+3 297650

fl=(70)
fn=(262)
30 5
fi=(164) /build/glibc-OTsEL5/glibc-2.27/string/../sysdeps/x86_64/multiarch/strspn.c
-1 1
fe=(70)

fn=(246)
30 5
fi=(165) /build/glibc-OTsEL5/glibc-2.27/string/../sysdeps/x86_64/multiarch/strpbrk.c
-1 1
fe=(70)

fn=(232)
30 5
fi=(166) /build/glibc-OTsEL5/glibc-2.27/string/../sysdeps/x86_64/multiarch/strcspn.c
-1 1
fe=(70)

fl=(137) /build/glibc-OTsEL5/glibc-2.27/libio/putchar.c
fn=(558) putchar
25 4
+2 4
-2 4
+2 68
+1 16
fi=(116)
796 8
+1 32
fe=(137)
31 12
-3 4
cfi=(105)
cfn=(560)
calls=4 217 
* 1134
* 8

fl=(95)
fn=(622) systrim.isra.1.constprop.11
2760 5
+11 3
+2 1
+1 2
-4 1
+8 3
+2 3
+7 3
cfi=(102)
cfn=(396)
calls=1 46 
* 25
* 1
+1 4
+12 3
cfi=(102)
cfn=(396)
calls=1 46 
* 49
+2 2
+1 2
+2 2
cfi=(102)
cfn=(396)
calls=1 46 
* 25
+2 1
+2 2
+4 2
+4 2
-1 1
+1 2
+7 1
-5 1
+5 5

fn=(390)
2986 1
-9 1
+9 9
+1 3
cfn=(392)
calls=1 3521 
* 389
+1 1
-1 1
+1 1
+8 4
+7 2
+2 1
+1 2
-1 1
+1 78
+3 2

fn=(394) sysmalloc
2274 152
+20 19
+11 19
-11 19
+11 19
+1 75
fi=(97)
535 18
fe=(95)
2321 36
fi=(97)
535 18
fe=(95)
2321 36
+66 18
+1 54
+10 18
-9 18
+9 139
-91 3
+14 4
+6 2
+77 72
+3 54
2724 36
+1 18
+5 36
+3 36
+5 18
-3 18
+3 18
-2 18
+2 54
+1 18
-1 18
-1 18
+4 18
-3 36
+1 18
+2 18
2346 3
+16 1
-1 1
+1 2
+5 3
+1 5
+3 3
+1 5
2747 171
2460 54
+19 36
-11 18
+11 18
-11 18
+21 72
cfi=(102)
cfn=(396)
calls=18 46 
* 860
* 18
+1 18
+3 54
+3 72
+1 36
+46 36
+2 36
+6 18
-6 18
+6 52
+1 85
-83 18
+10 36
+8 18
-8 18
+8 18
+67 4
+34 2
+6 3
+22 2
+1 5
+2 1
-2 1
+2 1
+1 4
cfi=(102)
cfn=(396)
calls=1 46 
* 25
+12 3
+48 1
+1 1
-2 1
+1 2
+12 1
-12 1
+1 1
+11 1
2544 2
-3 3
+99 2
+1 4
2329 7
cfi=(121) /build/glibc-OTsEL5/glibc-2.27/misc/../sysdeps/unix/sysv/linux/mmap64.c
cfn=(474) mmap
calls=1 44 
* 35
+2 2

fn=(392)
3521 402576
+32 67096
-32 67096
+32 500550
+4 402576
+24 134192
+2 201249
+3 67083
+2 134166
4131 638302
3553 68876
+86 37
+62 397
+1 33
+20 67096
-1 134192
+1 67096
-1 67096
+1 134192
-2 335475
+6 201285
+66 67095
-40 134190
3879 67095
3731 67095
+1 67095
+20 134190
+40 134190
-60 134190
-12 1
+6 3
+66 1
-40 2
3879 1
3731 1
+1 1
+20 2
+40 2
-60 6
+3 6
+1 4
+3 2
+10 2
-15 2
+15 2
+34 2
-5 2
+1 2
+4 2
+29 4
+8 9
+1 3
+1 1
-1 1
+4 1
-3 1
+3 1
-4 3
+1 1
-1 1
+4 1
-3 1
+3 1
+43 4
+9 2
-9 8
+10 2
-9 2
+1 2
+1 2
+1 2
+6 2
+9 4
3642 201255
+2 67085
-2 67085
+2 134170
+59 1341700
-62 872105
3887 6
+17 134192
+2 44
+3 11
-3 11
+3 22
+68 134192
+1 134192
+1 134192
+1 134192
+1 134192
+5 134192
+14 8
+2 3
+2 6
3820 4
3720 2
3865 8
-45 2
3701 8
3893 134192
+97 201288
+3 268344
-3 201255
+3 268340
-3 134170
+3 201249
+97 67095
+3 67095
-2 134190
+2 134209
+17 57
4008 1
+3 2
-18 1
+2 4
+1 2
+24 3
+3 2
+5 1
-3 2
+3 15
+3 2
1887 67077
4103 67077
1887 134154
4125 57
cfn=(394)
calls=19 2274 
* 3125
+1 19
-1 19
+1 19
1887 57
4046 1
-5 1
+6 2
+8 1
-6 1
+1 1
+1 1
+1 1
+3 1
+2 2
+2 1
+1 1
+2 9
+2 3
+1 2
+30 67076
+3 134152
-3 67076
+1 67076
+2 201228
+2 67076
-2 134152
-1 67076
+1 134152
+2 134152
-72 11

fn=(360)
3028 201288
+5 134192
+1 134192
+5 538541
+3 67095
-2 201285
+2 201285
+3 134190
+10 268376
+2 201282
cfn=(392)
calls=67094 3521 
* 11274613
+1 67094
-1 67094
+1 402562
-19 130628
+8 67085
+1 201255
2941 2
+2 2
+1 1
3081 335475
-46 1
+46 3
-46 1
cfi=(96)
cfn=(362)
calls=1 29 
* 63350

fn=(548)
3086 77
+5 14
+1 14
+6 14
+5 7
-2 7
+2 14
+18 18
+2 18
4149 12
+6 24
+1 12
+4 24
+9 18
-2 12
+3 12
+1 8
+13 8
3125 77
-18 4
+2 4
+1 2
+2 1
+1 1
-1 1
+1 1
+1 1
2829 1
+2 2
3110 2
2835 2
+3 3
+1 1
+6 7
+3 1
+1 3
+5 1
cfi=(156) /build/glibc-OTsEL5/glibc-2.27/misc/../sysdeps/unix/syscall-template.S
cfn=(636) munmap
calls=1 78 
* 5
* 1
-19 2
4259 8
+3 4
+1 4
-1 12
+10 4
-4 4
+4 8
+3 8
+5 12
+3 8
+1 8
+1 8
1894 12
4291 8
+1 1
+2 1
-1 1
+2 19
+3 8
+5 9
+13 3
-1 3
+2 6
+4 3
-2 3
+1 3
+1 3
+2 3
+1 3
+2 3
+1 3
+2 9
+1 3
+30 8
+20 8
2929 6
+3 2
-2 4
+1 2
+1 4
4277 12
-2 8
+32 9
+34 1
+1 3
+1 2
+18 6
+3 6
+2 10
+2 2
cfn=(622)
calls=1 2760 
* 151
* 1
2829 3

fl=(57)
fn=(196)
33 4
+3 4
fi=(167) /build/glibc-OTsEL5/glibc-2.27/string/../sysdeps/x86_64/multiarch/strncpy.c
-7 1
fe=(57)

fn=(266)
33 4
+3 4
fi=(168) /build/glibc-OTsEL5/glibc-2.27/string/../sysdeps/x86_64/multiarch/stpcpy.c
-3 1
fe=(57)

fn=(238)
33 4
+3 4
fi=(169) /build/glibc-OTsEL5/glibc-2.27/string/../sysdeps/x86_64/multiarch/strcpy.c
-7 1
fe=(57)

fn=(264)
33 4
+3 4
fi=(170) /build/glibc-OTsEL5/glibc-2.27/string/../sysdeps/x86_64/multiarch/stpncpy.c
-5 1
fe=(57)

fn=(202)
33 4
+3 4
fi=(171) /build/glibc-OTsEL5/glibc-2.27/string/../sysdeps/x86_64/multiarch/strcat.c
-7 1
fe=(57)

fl=(140)
fn=(578)
1244 989590
+31 212055
+8 212055
+4 353425
+11 282740
+11 70685
fi=(143) /build/glibc-OTsEL5/glibc-2.27/stdio-common/printf-parse.h
108 141370
fe=(140)
1309 212055
fi=(143)
108 70685
cfi=(141) /build/glibc-OTsEL5/glibc-2.27/string/../sysdeps/x86_64/multiarch/strchr-avx2.S
cfn=(582) __strchrnul_avx2
calls=70685 -63 
* 1319302
* 70685
fe=(140)
1324 70685
fi=(143)
108 70685
fe=(140)
1324 424110
+1 918905
+3 70685
fi=(172) /build/glibc-OTsEL5/glibc-2.27/stdio-common/../libio/libioP.h
870 212055
+2 70685
-2 70685
+2 70685
-2 70685
+3 141370
fe=(140)
1328 424110
cfi=(106)
cfn=(584)
calls=70685 1220 
* 8859906
* 141370
1696 353425
+1 212055
+3 848220
1283 141370
+45 141370
+4 212055
+4 565480
-57 70685
+34 70685
-8 70685
-59 141370
1378 1087365
-3 72491
-5 72491
-4 72491
-1 72491
-1 72491
-1 72491
-1 72491
-1 72491
-1 72491
+15 72491
-16 72491
-1 72491
-1 72491
+14 72491
-4 72491
+8 72491
-1 144982
1696 424110
-36 72491
+2 144982
+8 72491
fi=(143)
108 289964
cfi=(141)
cfn=(582)
calls=72491 -63 
* 1435378
* 72491
fe=(140)
1674 72491
fi=(143)
108 72491
fe=(140)
1674 217473
fi=(172)
872 217473
+1 144982
fe=(140)
1674 507437
cfi=(106)
cfn=(584)
calls=72491 1220 
* 15888626
* 507437
+2 72491
-2 72491
+2 215667
-33 45200
1530 32630
-1 32630
+1 65260
+26 32630
fi=(143)
85 32630
fe=(140)
1556 97890
+43 424190
+43 434964
cfi=(142)
cfn=(590)
calls=36247 168 
* 1877914
* 3229684
cfi=(144)
cfn=(594)
calls=34436 1272 
* 84388911
* 68872
1324 282740
1642 652442
fi=(172)
872 108741
+1 72494
fe=(140)
1642 181235
cfi=(106)
cfn=(584)
calls=36247 1220 
* 3060759
* 579962
+1 5424
fi=(172)
872 5424
+1 3616
fe=(140)
1643 12656
cfi=(106)
cfn=(584)
calls=1808 1220 
* 413697
* 21696
-1 144993
+1 108738
-1 688681
+1 9040
cfi=(117)
cfn=(458)
calls=1808 52 
* 34352
* 1808
* 1808
-72 163150
+71 398717
fi=(143)
75 163150
fe=(140)
1562 65260
+34 65260

fl=(125)
fn=(506)
48 1604272
+6 200534
+12 200534
+5 100267
+1 200534
+70 1102937
-61 100267
cfi=(126)
cfn=(508)
calls=100267 -49 
* 2773319
+2 100267
+5 100267
-5 200534
+1 100267
+4 100267

fl=(80)
fn=(302)
52 8
+3 3
+14 1
fi=(81) /build/glibc-OTsEL5/glibc-2.27/csu/../sysdeps/generic/dl-hash.h
-25 1
fe=(80)
+23 1
+1 1
fi=(81)
-23 1
fe=(80)
+24 1
fi=(82) /build/glibc-OTsEL5/glibc-2.27/csu/../sysdeps/unix/sysv/linux/x86_64/init-first.c
-33 4
fi=(81)
+7 1
+5 3
+14 4
-17 3
+3 9
+14 12
-17 9
+22 1
fi=(82)
-31 2
+2 2
-2 1
+2 2
cfi=(63)
cfn=(210)
calls=1 -13 
* 17
+2 1
+4 1
-4 1
+4 1
-4 1
+1 2
+1 1
+2 1
cfi=(63)
cfn=(210)
calls=1 -19 
* 17
fe=(80)
+37 3
fi=(82)
-36 2
+1 1
fe=(80)
+35 1
cfi=(83) /build/glibc-OTsEL5/glibc-2.27/misc/init-misc.c
cfn=(308) __init_misc
calls=1 -50 
* 52
+3 1
cfi=(85) /build/glibc-OTsEL5/glibc-2.27/ctype/ctype-info.c
cfn=(314) __ctype_init
calls=1 -53 
* 16
+5 6
-27 1
-7 1
+7 4

fl=(157) /build/glibc-OTsEL5/glibc-2.27/stdlib/exit.c
fn=(640) __run_exit_handlers
40 9
+5 1
-5 1
+5 2
+11 14
+3 2
+2 5
+16 2
+35 6
+2 2
-44 6
+2 1
+1 1
-1 1
+4 4
+1 6
+29 1
-3 1
+5 1
-2 2
+2 2
cob=(1)
cfi=(159)
cfn=(644)
calls=1 -78 
* 722
+1 1
+11 1
+1 1
-1 1
+1 1
+5 4
-73 1
+12 1
+1 4
+63 2
+1 11
cfi=(105)
cfn=(686) _IO_cleanup
calls=1 918 
* 343
* 3
+2 2
cfi=(162) /build/glibc-OTsEL5/glibc-2.27/posix/../sysdeps/unix/sysv/linux/_exit.c
cfn=(700) _Exit
calls=1 27 
* 5
-86 1
cfi=(158)
cfn=(642)
calls=1 +99 
* 11
* 1

fn=(638) exit
139 1
-1 1
+1 3
cfn=(640)
calls=1 -99 
* 1186

fl=(94) /build/glibc-OTsEL5/glibc-2.27/libio/iofopen.c
fn=(356) fopen@@GLIBC_2.2.5
88 10
-23 2
+23 4
-23 2
cob=(2)
cfi=(18)
cfn=(358)
calls=2 -65 
* 63405
+2 6
+3 2
+2 8
-2 2
+2 6
cfi=(105)
cfn=(402) _IO_no_init
calls=2 590 
* 120
+1 2
+1 2
-1 2
+1 2
cfi=(106)
cfn=(406)
calls=2 +33 
* 198
+4 10
cfi=(106)
cfn=(410)
calls=2 214 
* 280
* 4
-41 4
+53 14

fl=(141)
fn=(582)
45 143176
+2 143176
+1 143176
+1 143176
+2 143176
+1 143176
+1 143176
+4 105119
+1 105119
+1 105119
+1 105119
+1 105119
+1 105119
+1 105119
+11 38057
+1 38057
+1 38057
+1 38057
+1 38057
+1 38057
+1 38057
+2 38057
+1 38057
+1 38057
+2 34445
+1 34445
+2 34445
+7 34445
+1 34445
+4 3612
+5 3612
+1 3612
+1 3612
+1 3612
+1 3612
+1 3612
+1 3612
+72 108731
+2 108731
+7 108731
+1 108731

fl=(160)
fn=(654)
30 4
+3 2
-3 10
+3 2
-3 2
+3 10
+3 6
+4 14
-4 6
+58 10
+4 12
-4 6
+12 4
+1 4
cfi=(161) /build/glibc-OTsEL5/glibc-2.27/nptl/unregister-atfork.c
cfn=(656) __unregister_atfork
calls=2 -79 
* 32
+2 8
+1 16

fl=(156)
fn=(636)
78 4
+1 1

fl=(68)
fn=(224)
38 4
+3 4
+6 1

fl=(120)
fn=(472)
226 68892
+48 34446
-48 172230
+47 34446
-47 68892
+26 68892
+31 137784
525 275568
292 241122
+1 34446
-1 137784
+1 19484
-1 77936
+2 68892
+5 68892
+5 34446
-6 34446
+6 34446
+4 68892
+10 68888
+7 68892
434 34446
-56 34446
+56 103338
+16 34446
+10 34446
+1 34446
-84 34446
-1 34446
+96 34446
-22 68892
+17 120188
+5 120188
+1 360564
-41 240376
+2 480752
+2 360564
+28 360564
+3 240376
+11 68892
+5 68892
+6 68892
328 172230
-82 68892
492 103338
310 4
490 68892

fl=(89) /build/glibc-OTsEL5/glibc-2.27/csu/../csu/libc-start.c
fn=(328) (below main)
137 8
+4 1
-4 2
+4 2
+98 1
-98 1
+98 1
+1 4
cfi=(90) /build/glibc-OTsEL5/glibc-2.27/stdlib/cxa_atexit.c
cfn=(330) __cxa_atexit
calls=1 65 
* 65
+22 4
+3 2
+1 5
cob=(5)
cfi=(88)
cfn=(334) __libc_csu_init
calls=1 0 
* 57
+4 4
+15 2
+12 2
cfi=(91)
cfn=(346)
calls=1 30 
* 29
+1 2
+5 2
+1 2
+3 2
+3 6
cob=(5)
cfi=(88)
cfn=(352) main
calls=1 0 
* 2379043038
+34 2
cfi=(157)
cfn=(638)
calls=1 139 
* 1191

fl=(122) /build/glibc-OTsEL5/glibc-2.27/stdlib/atof.c
fn=(496) atof
27 68872
cfi=(123)
cfn=(498)
calls=34436 +56 
* 36275099

fl=(130)
fn=(518)
39 34418
-6 137672
+6 68836
+1 103254
+6 34418
+1 103254

fl=(110) /build/glibc-OTsEL5/glibc-2.27/libio/iogetline.c
fn=(422) _IO_getline
33 133749
+20 12159
-20 12159
+20 24318
+2 36477
+28 12359
+2 24718
-2 12359
+2 24718
cfi=(114) /build/glibc-OTsEL5/glibc-2.27/string/../sysdeps/x86_64/multiarch/memchr-avx2.S
cfn=(448) __memchr_avx2
calls=12359 -42 
* 418628
* 12359
+1 12359
-1 12359
+1 12359
+14 612
+3 204
-1 204
-2 204
cfi=(115)
cfn=(452)
calls=204 217 
* 2699
* 204
+1 204
-46 408
+2 37698
+1 25132
+2 414
cfi=(105)
cfn=(424) __uflow
calls=207 318 
* 31840
+1 414
+6 412
+11 204
-1 408
-22 412
-20 32
+54 12155
+1 12155
-2 12155
+1 12155
-1 12155
+2 24310
+2 12155
+2 24310
+2 60775
cfi=(115)
cfn=(452)
calls=12155 217 
* 244659
* 12155
+1 12155
+1 12155
-1 12155
-62 97240
+34 4
+1 4
+5 6
-21 4

fl=(115)
fn=(588)
204 212055
+1 212055
+1 212055
+13 212055
+1 212055
+1 1
+1 1
+3 1
+1 1
+1 1
+1 1
+2 1
+1 1
+33 212054
+1 212054
+2 212054
+1 212054
+1 144981
+1 144981
+1 125459
+1 125459
+1 103355
+1 103355
+1 103355
+2 103355
+22 67073
+1 67073
+1 67073
+1 67073
+1 67073
+3 19522
+1 19522
+1 19522
+1 19522
+1 19522
+3 22104
+1 22104
+1 22104
+1 22104
+1 22104

fn=(452)
217 168470
+2 168470
+1 168470
+1 10395
+1 10395
+3 166
+1 166
+1 166
+1 166
+2 166
+1 166
+33 158075
+1 158075
+2 76504
+1 76504
+1 1842
+1 1842
+1 1822
+1 1822
+1 9
+1 9
+1 9
+2 9
+14 81571
+1 81571
+1 81571
+1 81571
+1 81571
+4 74662
+1 74662
+1 74662
+1 74662
+1 74662
+3 20
+1 20
+1 20
+1 20
+1 20
+3 1813
+1 1813
+1 1813
+1 1813
+1 1813
+4 10229
+1 10229
+5 10229
+1 10229
+1 10229
+1 10229
+22 10229
+1 10229
+1 10229
+1 10229
+1 10229
+1 10229
+1 10229
+1 10229
+1 10229
+1 10229

fl=(114)
fn=(448)
43 12359
+1 12359
+2 12359
+2 12359
+5 12359
+3 12359
+1 12359
+1 12359
+3 6483
+1 6483
+1 6483
+3 6483
+2 5459
+1 5459
+6 5417
+1 5417
+1 5417
+4 5417
+2 5417
+1 5417
+2 5251
+4 5876
+1 5876
+1 5876
+1 5876
+2 5876
+1 5876
+1 5876
+1 848
+3 848
+1 848
+2 847
+1 847
+1 847
+1 847
+8 5028
+1 5028
+3 5028
+1 5028
+3 5028
+3 5028
+1 5028
+6 10109
+1 10109
+1 10109
+1 10109
+2 10071
+1 10071
+1 10071
+1 10071
+2 5015
+1 5015
+1 5015
+1 5015
+50 336
+1 336
+2 161
+1 161
+1 161
+1 161
+2 161
+1 161
+1 161
+1 161
+2 80
+1 80
+1 80
+2 80
+15 175
+1 175
+1 175
+1 175
+2 175
+1 161
+1 161
+2 81
+1 81
+1 81
+1 81
+1 81
+1 81
+1 81
+4 1038
+2 1038
+1 1038
+1 1038
+1 1038
+1 1038
+15 80
+2 80
+1 80
+1 80
+1 80
+1 80
+1 80
+15 123
+2 123
+1 123
+5 38
+1 38
+1 38
+1 38
+4 5137
+1 5137
+1 5137
+1 5137
+1 5137
+4 5015
+1 5015
+1 5015
+1 5015
+1 5015

fl=(127)
fn=(510)
29 135327
+1 135327
+2 135327
+1 135327
+1 135327
+12 135327
+1 135327
+1 129438
+1 129438
+1 129438
+1 129438
+1 129438
+6 129438
+1 129438
+1 129438
+3 5889
+1 5870
+1 5870
+1 5870
+1 5870
+1 5870
+1 5870
+5 5870
+1 5870
+1 5870
+1 5870
+1 5870
+4 19
+1 19
+1 19
+1 19
+1 19
+1 19
+1 19
+1 19
+20 19
+1 19
+1 19
+1 19
+1 19
+1 19
+1 19

fl=(146)
fn=(600)
37 34436
-2 34436
+2 68872
+1 34436
+9 68872
+9 34436
-18 103308
+18 34436
-18 34436
+9 34436
+9 34436
+4 4
+2 2
+45 4
-4 68868
+4 34434
-4 34434
+4 34434

fl=(147)
fn=(602)
29 66072
+1 66072
+1 66072
+13 66072
+1 66072
+16 66072
+1 62867
+1 62867
+1 62867
+1 62867
+1 62867
+1 62867
+5 62867
+1 62867
+1 62867
+1 62867
+1 62867
+4 3205
+1 3205
+1 3205
+1 3205
+1 3205
+1 3205
+1 3205
+1 3205
+20 3205
+1 3205
+1 3205
+1 3205
+1 3205
+1 3205
+1 3205

fl=(90)
fn=(330)
65 7
-26 2
+26 1
-26 5
+1 2
cfn=(332) __new_exitfn
calls=1 +44 
* 29
+2 2
+7 2
+3 1
-1 1
+2 1
+1 1
+1 4
+1 1
+11 6

fn=(332)
84 2
-6 2
+1 2
-1 1
+11 5
+2 3
-2 1
+10 2
-10 2
+45 1
+1 1
+4 4
-19 1
+1 2

fl=(134)
fn=(528)
35 38
+1 38
+1 38
+1 38
+2 38
+1 38
+2 38
+1 38
+1 38
+2 38
+1 38
+2 38
+1 38
+1 38
+1 38
+1 38
+1 38
+2 38
+1 38
+1 38
+1 38
+24 38
+1 38
+1 38
+1 38
+1 38
+1 38
+1 38
+1 38
+1 38
+1 38
+1 38
+2 38
+1 38
+1 38
+1 38
+1 38
+1 38
+1 38
+1 38
+1 38
+1 38
+1 38
+1 38
+1 38
+1 38
+1 38
+1 38
+1 38
+1 38

fl=(162)
fn=(700)
27 2
+4 1
+2 2

fl=(150)
fn=(610)
46 2056704
+3 514176
234 2313792
62 257088
+1 257088
-16 257088
+18 514176
+7 1184910
+1 223578
-1 447156
+1 447156
-1 447156
+4 514176
+3 257088
+2 257088
-14 11207
+1 22414

fl=(138)
fn=(570)
27 565512
+1 70689

fl=(154)
fn=(620)
55 136
+6 17
-6 17
+6 17
201 153

fl=(105)
fn=(438)
347 15
+1 24
+3 5
+2 20
-3 5
+3 10
+3 21
-7 2
cob=(2)
cfi=(18)
cfn=(546)
calls=2 0 
* 389
* 10

fn=(536)
53 24
+1 8
+4 8
+1 20
+2 2
-2 2
+1 2
+1 2
-2 2
+2 2
-2 2
+2 30
+2 2
-2 2
+2 4
+2 4
+9 2
+2 2
-2 2
+2 16
+2 2
-1 2
+1 16
+1 4
+3 28
-6 14
-18 8
+8 6

fn=(560)
217 605944
+2 908916
+1 1
+1 1
fi=(116)
870 3
+2 2
+1 2
fe=(105)
221 302971
fi=(116)
870 908913
+2 605942
+1 605942
fe=(105)
221 302972
+1 605944
-1 302972
cfi=(106)
cfn=(562)
calls=302972 747 
* 9999122

fn=(426) _IO_default_uflow
379 414
fi=(116)
870 414
fe=(105)
379 414
+1 207
fi=(116)
870 207
+2 414
+1 414
fe=(105)
380 414
cfi=(106)
cfn=(428)
calls=207 +98 
* 19217
+1 414
+2 824
+1 828

fn=(688) _IO_flush_all_lockp
749 11
+5 4
+1 11
+3 1
-8 1
+5 1
+3 1
-3 1
+3 1
fi=(116)
870 2
fe=(105)
762 1
fi=(116)
870 2
fe=(105)
-98 6
-14 3
+16 3
-16 6
+3 3
-1 3
+1 3
+3 22
+14 9
+1 3
+4 12
-29 4

fn=(404) _IO_old_init
561 2
-2 2
+1 2
-1 2
+2 4
+16 2
-14 2
+1 2
+13 2
+5 2
-17 2
+1 2
+1 2
+1 2
+14 2
-13 2
+1 2
+1 2
+2 2
+1 2
+1 2
+1 2
+6 2
+1 4
+2 2

fn=(686)
918 2
+3 1
-3 8
+3 1
cfn=(688)
calls=1 749 
* 114
-72 1
+72 1
-72 2
+1 11
+3 1
-3 1
+3 1
-3 1
+3 1
fi=(116)
+17 2
fe=(105)
-7 1
fi=(116)
+7 2
fe=(105)
+23 3
-40 9
+2 9
+2 6
+6 12
+8 2
+9 1
fi=(116)
-8 2
+1 2
fe=(105)
+7 4
cfi=(106)
cfn=(694)
calls=1 389 
* 83
+2 3
+4 5
+1 9
+10 9
+1 2
+35 12
-62 3
+2 2
+2 1
+1 1
-1 1
+2 3
-28 4
+14 4

fn=(696)
479 2
fi=(116)
870 1
fe=(105)
479 3
fi=(116)
870 1
fe=(105)
479 3
+1 1
fi=(116)
870 1
+2 2
+1 2
fe=(105)
480 2
cfi=(106)
cfn=(698)
calls=1 807 
* 17
* 3
+2 2
+7 1
-7 1
+10 2
+2 1
-2 1
+1 3
+2 6
-11 1
348 1
485 1
-1 1
+1 1
348 3
+7 1
-5 1
+1 1
+4 2

fn=(408)
87 24
+1 12
+4 2
-2 6
+2 4
+1 22
+2 2
-1 2
-1 2
+2 2
-2 2
+2 26
+2 2
-2 2
+5 2
-2 2
-1 2
+3 28
+2 2
-1 2
+1 16
+1 4
+3 28
-14 8

fn=(554)
628 8
+2 2
-2 6
+2 4
+6 6
+3 6
54 4
651 14

fn=(430)
362 6
-1 9
+3 12
+4 12
-3 3
fi=(116)
870 9
+2 6
+1 6
fe=(105)
365 6
cfi=(111) /build/glibc-OTsEL5/glibc-2.27/libio/filedoalloc.c
cfn=(432) _IO_file_doallocate
calls=3 78 
* 1155
* 6

fn=(440)
164 828
+1 621
+3 621
+5 207
-1 414
+1 207
+7 207
-4 207
+2 414
+2 207
+1 207
+1 828

fn=(540)
1019 4
+19 6
189 2

fn=(402)
590 18
+1 2
cfn=(404)
calls=2 -30 
* 54
+2 2
-1 2
+1 2
+2 2
+1 2
+1 2
+1 2
+1 2
+1 2
+1 2
+1 2
+1 2
+1 2
+1 2
+1 2
+2 2
+6 2
+1 12

fn=(424)
318 621
-1 828
+6 1035
+3 414
+2 414
+6 414
+7 207
fi=(116)
870 621
+2 414
+1 414
fe=(105)
341 207
+1 207
-1 207
+1 414
-1 207
cfn=(426)
calls=207 +38 
* 24181
-23 414
+21 621

fl=(133)
fn=(526)
158 57
+1 19
+1 19
+59 19
+1 19
+25 19
+1 19
+1 19
+1 19

fl=(60)
fn=(250)
32 2
-2 2
+2 4
-2 6
fi=(173) /build/glibc-OTsEL5/glibc-2.27/string/../sysdeps/x86_64/multiarch/strlen.c
-1 2
fe=(60)

fn=(252)
32 1
-2 1
+2 2
-2 3
fi=(174) /build/glibc-OTsEL5/glibc-2.27/string/../sysdeps/x86_64/multiarch/memrchr.c
-1 1
fe=(60)

fn=(258)
32 1
-2 1
+2 2
-2 3
fi=(175) /build/glibc-OTsEL5/glibc-2.27/string/../sysdeps/x86_64/multiarch/memchr.c
-1 1
fe=(60)

fn=(230)
32 2
-2 2
+2 4
-2 6
fi=(176) /build/glibc-OTsEL5/glibc-2.27/string/../sysdeps/x86_64/multiarch/strnlen.c
+1 2
fe=(60)

fn=(212)
32 1
-2 1
+2 2
-2 3
fi=(177) /build/glibc-OTsEL5/glibc-2.27/string/../sysdeps/x86_64/multiarch/rawmemchr.c
+1 1
fe=(60)

fn=(204)
32 1
-2 1
+2 2
-2 3
fi=(178) /build/glibc-OTsEL5/glibc-2.27/string/../sysdeps/x86_64/multiarch/strrchr.c
-2 1
fe=(60)

fn=(268)
32 1
-2 1
+2 2
-2 3
fi=(179) /build/glibc-OTsEL5/glibc-2.27/string/../sysdeps/x86_64/multiarch/strchrnul.c
+1 1
fe=(60)

fl=(103)
fn=(398)
32 22
+8 22
-8 66
+8 129
+1 2
cfi=(104) /build/glibc-OTsEL5/glibc-2.27/misc/../sysdeps/unix/sysv/linux/x86_64/brk.c
cfn=(400) brk
calls=1 -10 
* 12
* 3
+3 44
+4 111
+12 15
-4 38
cfi=(104)
cfn=(400)
calls=19 -25 
* 228
* 38
+4 95
-10 2
-2 3

fl=(111)
fn=(432)
78 24
+6 12
fi=(116)
870 9
+2 6
+1 6
fe=(111)
84 9
cfi=(106)
cfn=(434)
calls=3 1169 
* 42
* 6
+2 12
+11 12
+4 6
cob=(2)
cfi=(18)
cfn=(358)
calls=3 0 
* 894
* 3
+2 3
-1 6
+2 12
cfi=(105)
cfn=(438)
calls=3 347 
* 54
+1 3
+1 24
-15 1
fi=(180) /build/glibc-OTsEL5/glibc-2.27/libio/../misc/sys/sysmacros.h
-12 6
fe=(111)
+12 1
-2 2
+5 2

fl=(63)
fn=(210)
25 25
+1 10
+4 10
+18 30
-21 5
+20 5

fl=(118) /build/glibc-OTsEL5/glibc-2.27/stdlib/atoi.c
fn=(468) atoi
26 34446
+1 103338
cfi=(119)
cfn=(470)
calls=34446 +79 
* 5308902
+1 68892

fl=(104)
fn=(400)
31 160
+8 20
-6 40
+7 20

fl=(77)
fn=(274)
42 2
fi=(62)
+2 1
+1 1
fe=(77)
-3 3
fi=(62)
+1 1
+5 3
+14 4
-17 3
+3 9
+14 12
-17 9
+22 1
fe=(77)
-25 6
cfi=(63)
cfn=(210)
calls=1 -17 
* 17
* 5

fl=(84) /build/glibc-OTsEL5/glibc-2.27/string/../sysdeps/x86_64/multiarch/strrchr-avx2.S
fn=(312) __strrchr_avx2
43 1
+1 1
+2 1
+1 1
+3 1
+1 1
+1 1
+2 1
+1 1
+1 1
+1 1
+1 1
+1 1
+2 1
+1 1
+12 1
+1 1
216 1
+1 1
+1 1
+1 1
+1 1
+2 1
+1 1
+1 1
+1 1
+1 1

fl=(153) /build/glibc-OTsEL5/glibc-2.27/libio/feof.c
fn=(618) feof
35 1807
-3 3614
+3 1807
+3 5421
+3 3614

fl=(58)
fn=(270)
32 5
fi=(76) /build/glibc-OTsEL5/glibc-2.27/string/../sysdeps/x86_64/multiarch/strncase_l.c
-1 1
fe=(58)

fn=(234)
32 5
fi=(71) /build/glibc-OTsEL5/glibc-2.27/string/../sysdeps/x86_64/multiarch/strncase.c
-1 1
fe=(58)

fn=(198)
32 5
fi=(59) /build/glibc-OTsEL5/glibc-2.27/string/../sysdeps/x86_64/multiarch/strcasecmp.c
-1 1
fe=(58)

fn=(254)
32 5
fi=(75) /build/glibc-OTsEL5/glibc-2.27/string/../sysdeps/x86_64/multiarch/strcasecmp_l.c
-1 1
fe=(58)

fl=(121)
fn=(474)
44 2
+3 1
-6 12
+6 1
+5 10
+2 7
-7 2

fl=(85)
fn=(314)
31 5
+2 1
+2 1
-4 1
+4 1
-4 1
+2 3
+2 2
+1 1

fl=(93)
fn=(350)
29 1
-1 2
+1 2
+5 3

fl=(73)
fn=(244)
32 4
-2 2
+2 4
-2 4
+5 2
-1 8
fi=(181) /build/glibc-OTsEL5/glibc-2.27/wcsmbs/../sysdeps/x86_64/multiarch/wmemset.c
-3 2
fe=(73)

fl=(109) /build/glibc-OTsEL5/glibc-2.27/libio/iofgets.c
fn=(420) fgets
37 24318
+2 12159
-7 60795
+7 12159
+8 218862
+4 12159
+2 12159
-1 12159
+1 24318
-1 12159
+1 36477
-2 12159
+2 12159
cfi=(110)
cfn=(422)
calls=12159 -20 
* 1435647
+5 12159
-2 60795
fi=(116)
797 97272
fe=(109)
67 60795
-6 36477
+3 24318
fi=(116)
796 24318
fe=(109)

fl=(161)
fn=(656)
28 8
+8 2
-8 6
+11 4
+82 12

fl=(83)
fn=(308)
31 2
-1 3
+1 4
+2 3
cfi=(84)
cfn=(312)
calls=1 +10 
* 27
* 1
+4 5
+1 3
+2 4

fl=(64)
fn=(214)
32 2
-2 2
+2 4
-2 6
fi=(182) /build/glibc-OTsEL5/glibc-2.27/wcsmbs/../sysdeps/x86_64/multiarch/wmemchr.c
+1 2
fe=(64)

fn=(228)
32 2
-2 2
+2 4
-2 6
fi=(183) /build/glibc-OTsEL5/glibc-2.27/wcsmbs/../sysdeps/x86_64/multiarch/wcschr.c
+1 2
fe=(64)

fn=(260)
32 1
-2 1
+2 2
-2 3
fi=(184) /build/glibc-OTsEL5/glibc-2.27/wcsmbs/../sysdeps/x86_64/multiarch/wcslen.c
-1 1
fe=(64)

fl=(67)
fn=(222)
38 4
+1 3
+9 1

fl=(74)
fn=(248)
40 2
-2 1
+2 2
-2 2
+11 1

fl=(69)
fn=(226)
42 5
+4 2
-1 4
+12 2
+2 5

fl=(98)
fn=(366)
126 9
+2 1
-2 1
+5 1
-5 1
+5 2
cob=(1)
cfi=(2)
cfn=(52)
calls=1 784 
* 2
+2 2
cob=(1)
cfi=(99)
cfn=(374)
calls=1 -62 
* 1117
* 5
+2 3
30 1
+1 1
-1 1
+1 1
+3 2
+5 1
+6 1
-7 1
+2 3
+2 3
+3 1
+5 7
-6 2
+6 4043
+2 1010
+1 2020
-1 1
+1 2
+2 3664
+9 2052
+7 28
-2 28
+2 2353
-2 2297
+2 6003
-10 11625
+2 9300
+1 14806
+36 2
+1 1
+1 3
+3 2
+36 2
cob=(1)
cfi=(2)
cfn=(54)
calls=1 790 
* 2
+3 9
-27 1
+1 1
+20 2

ob=(5)
fl=(88)
fn=(488) ch_eqi
0 309

fn=(476) hb_structure_read
0 29
cfn=(478) s_to_format
calls=1 0 
0 573
0 770
cob=(3)
cfi=(109)
cfn=(420)
calls=151 37 
0 28057
0 151
0 906
cob=(3)
cfi=(117)
cfn=(458)
calls=151 52 
0 4228
0 151
0 3322
cfn=(490) i4_min
calls=151 0 
0 1962
0 11748
cob=(3)
cfi=(117)
cfn=(458)
calls=1807 52 
0 50596
0 1807
0 14456
cfn=(490)
calls=1807 0 
0 23491
0 12649
cfn=(460) s_substring
calls=1807 0 
0 617994
0 18070
cob=(3)
cfi=(118)
cfn=(468)
calls=1807 26 
0 327590
0 1807
0 10108
cfn=(478)
calls=1 0 
0 573
0 10210
cob=(3)
cfi=(109)
cfn=(420)
calls=2040 37 
0 379034
0 2040
0 12240
cob=(3)
cfi=(117)
cfn=(458)
calls=2040 52 
0 57120
0 2040
0 32640
cfn=(490)
calls=2040 0 
0 26519
0 205980
cob=(3)
cfi=(117)
cfn=(458)
calls=32630 52 
0 913640
0 32630
0 261040
cfn=(490)
calls=32630 0 
0 422151
0 228410
cfn=(460)
calls=32630 0 
0 10638636
0 326300
cob=(3)
cfi=(118)
cfn=(468)
calls=32630 26 
0 5186150
0 32630
0 177441

fn=(352)
0 23
cob=(3)
cfi=(94)
cfn=(356)
calls=1 88 
0 63703
0 1
0 39
cfn=(416) hb_header_read
calls=1 0 
0 13720
0 7
cob=(3)
cfi=(95)
cfn=(360)
calls=1 3028 
0 201
0 1
0 11
cob=(3)
cfi=(95)
cfn=(360)
calls=1 3028 
0 365
0 1
0 6
cob=(3)
cfi=(95)
cfn=(360)
calls=1 3028 
0 299
0 1
0 21
cfn=(476)
calls=1 0 
0 20077889
0 13
cfn=(492) hb_values_read
calls=1 0 
0 59010120
0 4
cob=(3)
cfi=(135)
cfn=(534)
calls=1 34 
0 508
0 1
0 2
cob=(3)
cfi=(137)
cfn=(558)
calls=1 25 
0 685
0 1
0 5
cob=(3)
cfi=(139)
cfn=(576)
calls=1 28 
0 990
0 1
0 5
cob=(3)
cfi=(139)
cfn=(576)
calls=1 28 
0 799
0 1
0 2
cob=(3)
cfi=(137)
cfn=(558)
calls=1 25 
0 203
0 1
0 5
cob=(3)
cfi=(139)
cfn=(576)
calls=1 28 
0 878
0 1
0 5
cob=(3)
cfi=(139)
cfn=(576)
calls=1 28 
0 878
0 1
0 5
cob=(3)
cfi=(139)
cfn=(576)
calls=1 28 
0 899
0 1
0 5
cob=(3)
cfi=(139)
cfn=(576)
calls=1 28 
0 830
0 1
0 18063
cob=(3)
cfi=(139)
cfn=(576)
calls=1806 28 
0 1644081
0 1806
0 7229
cob=(3)
cfi=(137)
cfn=(558)
calls=1 25 
0 203
0 1
0 326302
cob=(3)
cfi=(139)
cfn=(576)
calls=32630 28 
0 28690921
0 32630
0 130525
cob=(3)
cfi=(137)
cfn=(558)
calls=1 25 
0 203
0 1
0 358932
cob=(3)
cfi=(139)
cfn=(576)
calls=32630 28 
0 105004154
0 32630
0 130528
cob=(3)
cfi=(139)
cfn=(576)
calls=1 28 
0 786
0 1
0 5
cob=(3)
cfi=(95)
cfn=(360)
calls=1 3028 
0 257
0 1
0 4
cob=(3)
cfi=(94)
cfn=(356)
calls=1 88 
0 382
0 1
0 9033
cob=(3)
cfi=(109)
cfn=(420)
calls=1806 37 
0 289759
0 1806
0 16254
cob=(3)
cfi=(139)
cfn=(576)
calls=1806 28 
0 2032671
0 1806
0 14448
cob=(3)
cfi=(122)
cfn=(496)
calls=1806 27 
0 705440
0 1806
0 10836
cob=(3)
cfi=(153)
cfn=(618)
calls=1806 35 
0 16254
0 1806
0 3
cob=(3)
cfi=(153)
cfn=(618)
calls=1 35 
0 9
0 1
0 3617
cob=(3)
cfi=(135)
cfn=(534)
calls=1 34 
0 657
0 1
0 8
cfn=(624) gradienteConjugado
calls=1 0 
0 2160383668
0 3
cob=(3)
cfi=(95)
cfn=(548)
calls=1 3086 
0 119
0 1
0 3
cob=(3)
cfi=(95)
cfn=(548)
calls=1 3086 
0 152
0 1
0 3
cob=(3)
cfi=(95)
cfn=(548)
calls=1 3086 
0 81
0 1
0 7

fn=(416)
0 45
cob=(3)
cfi=(109)
cfn=(420)
calls=1 37 
0 668
0 1
0 6
cob=(3)
cfi=(117)
cfn=(458)
calls=1 52 
0 32
0 1
0 10
cfn=(460)
calls=1 0 
0 1400
0 7
cfn=(464) s_trim
calls=1 0 
0 444
0 5
cfn=(460)
calls=1 0 
0 376
0 7
cfn=(464)
calls=1 0 
0 57
0 5
cob=(3)
cfi=(109)
cfn=(420)
calls=1 37 
0 180
0 1
0 6
cob=(3)
cfi=(117)
cfn=(458)
calls=1 52 
0 32
0 1
0 10
cfn=(460)
calls=1 0 
0 472
0 4
cob=(3)
cfi=(118)
cfn=(468)
calls=1 26 
0 226
0 1
0 8
cfn=(460)
calls=1 0 
0 472
0 4
cob=(3)
cfi=(118)
cfn=(468)
calls=1 26 
0 198
0 1
0 8
cfn=(460)
calls=1 0 
0 472
0 4
cob=(3)
cfi=(118)
cfn=(468)
calls=1 26 
0 212
0 1
0 8
cfn=(460)
calls=1 0 
0 472
0 4
cob=(3)
cfi=(118)
cfn=(468)
calls=1 26 
0 212
0 1
0 8
cfn=(460)
calls=1 0 
0 472
0 4
cob=(3)
cfi=(118)
cfn=(468)
calls=1 26 
0 170
0 1
0 8
cob=(3)
cfi=(109)
cfn=(420)
calls=1 37 
0 184
0 1
0 6
cob=(3)
cfi=(117)
cfn=(458)
calls=1 52 
0 32
0 1
0 10
cfn=(460)
calls=1 0 
0 294
0 7
cfn=(464)
calls=1 0 
0 57
0 5
cfn=(460)
calls=1 0 
0 472
0 4
cob=(3)
cfi=(118)
cfn=(468)
calls=1 26 
0 212
0 1
0 8
cfn=(460)
calls=1 0 
0 472
0 4
cob=(3)
cfi=(118)
cfn=(468)
calls=1 26 
0 212
0 1
0 8
cfn=(460)
calls=1 0 
0 472
0 4
cob=(3)
cfi=(118)
cfn=(468)
calls=1 26 
0 226
0 1
0 8
cfn=(460)
calls=1 0 
0 472
0 4
cob=(3)
cfi=(118)
cfn=(468)
calls=1 26 
0 170
0 1
0 8
cob=(3)
cfi=(109)
cfn=(420)
calls=1 37 
0 179
0 1
0 6
cob=(3)
cfi=(117)
cfn=(458)
calls=1 52 
0 32
0 1
0 10
cfn=(460)
calls=1 0 
0 504
0 7
cfn=(464)
calls=1 0 
0 247
0 5
cfn=(460)
calls=1 0 
0 504
0 7
cfn=(464)
calls=1 0 
0 247
0 5
cfn=(460)
calls=1 0 
0 568
0 7
cfn=(464)
calls=1 0 
0 266
0 5
cfn=(460)
calls=1 0 
0 568
0 7
cfn=(464)
calls=1 0 
0 434
0 16

fn=(660) 0x0000000000000ba0
0 8

fn=(464)
0 49
cob=(3)
cfi=(117)
cfn=(458)
calls=7 52 
0 118
0 7
0 28
cob=(3)
cfi=(117)
cfn=(458)
calls=7 52 
0 118
0 7
0 1425

fn=(478)
0 51
cfn=(480) s_len_trim
calls=3 0 
0 186
0 330
cfn=(482) ch_is_digit
calls=18 0 
0 219
0 70
cfn=(484) ch_to_digit
calls=3 0 
0 45
0 34
cfn=(484)
calls=2 0 
0 30
0 68
cfn=(484)
calls=3 0 
0 45
0 21
cfn=(484)
calls=1 0 
0 15
0 21
cfn=(484)
calls=1 0 
0 15
0 9
cfn=(484)
calls=1 0 
0 15
0 82
cfn=(486) ch_is_format_code
calls=3 0 
0 447
0 132

fn=(624)
0 19
cob=(3)
cfi=(95)
cfn=(360)
calls=1 3028 
0 205
0 1
0 6
cob=(3)
cfi=(95)
cfn=(360)
calls=1 3028 
0 205
0 1
0 6
cob=(3)
cfi=(95)
cfn=(360)
calls=1 3028 
0 205
0 1
0 6
cob=(3)
cfi=(95)
cfn=(360)
calls=1 3028 
0 205
0 1
0 2156266230
cfn=(626) imprimeResultado
calls=1 0 
0 4116574
0 3

fn=(480)
0 21
cob=(3)
cfi=(117)
cfn=(458)
calls=3 52 
0 45
0 3
0 12
cob=(3)
cfi=(117)
cfn=(458)
calls=3 52 
0 45
0 3
0 57

fn=(490)
0 996209

fn=(626)
0 7
cob=(3)
cfi=(155)
cfn=(630)
calls=1 33 
0 481
0 1
0 19868
cob=(3)
cfi=(139)
cfn=(576)
calls=1806 28 
0 4087181
0 1806
0 7230

fn=(646)
0 8
cob=(2)
cfi=(18)
cfn=(652)
calls=1 0 
0 75
0 1
cfn=(660)
calls=1 0 
0 8
0 3

fn=(340) 0x0000000000000c70
0 17

fn=(460)
0 804996
cob=(3)
cfi=(95)
cfn=(360)
calls=67083 3028 
0 14624656
0 67083
0 14303296

fn=(484)
0 165

fn=(486)
0 27
cfn=(488)
calls=3 0 
0 51
0 18
cfn=(488)
calls=3 0 
0 51
0 18
cfn=(488)
calls=3 0 
0 51
0 18
cfn=(488)
calls=3 0 
0 52
0 16
cfn=(488)
calls=2 0 
0 34
0 12
cfn=(488)
calls=2 0 
0 34
0 12
cfn=(488)
calls=2 0 
0 36
0 17

fn=(482)
0 219

fn=(492)
0 23
cfn=(478)
calls=1 0 
0 689
0 40808
cob=(3)
cfi=(109)
cfn=(420)
calls=8158 37 
0 1515762
0 8158
0 48948
cob=(3)
cfi=(117)
cfn=(458)
calls=8158 52 
0 228424
0 8158
0 171318
cfn=(490)
calls=8158 0 
0 106053
0 244728
cob=(3)
cfi=(117)
cfn=(458)
calls=32630 52 
0 913640
0 32630
0 261040
cfn=(490)
calls=32630 0 
0 416033
0 228410
cfn=(460)
calls=32630 0 
0 18534939
0 326300
cob=(3)
cfi=(122)
cfn=(496)
calls=32630 27 
0 35638531
0 32630
0 252898

fn=(326)
0 11
cob=(3)
cfi=(89)
cfn=(328)
calls=1 137 
0 2379044435

fn=(334)
0 15
cob=(2)
cfi=(18)
cfn=(336)
calls=1 0 
0 6
0 8
cfn=(340)
calls=1 0 
0 17
0 11

ob=(4)
fl=(79)
fn=(668)
0 8
cob=(2)
cfi=(18)
cfn=(674)
calls=1 0 
0 75
0 1
cfn=(678) 0x0000000000000570
calls=1 0 
0 8
0 3

fn=(678)
0 8

fn=(296)
0 17

totals: 2379188753
